# TempoMS, PontoIndex, DirX, DirY, DirZ, Velocidade
# consistentes:
# 2, 0, 0, 1, 4.5 (meio, reto e lenta)
# 2, 0, 0, 1, 5.0 (meio, reto e normal)
# 2, 0, 0, 1, 6.2 (meio, reto e rapido)

# depois preciso testar diferentes angulos partindo do meio

#1000, 2, 0.5, 0, 1, 5.0
#3000, 2, 0.10, 0, 1, 5.0
#5000, 2, 0.15, 0, 1, 5.0
#7000, 2, 0.2, 0, 1, 5.0
#9000, 2, 0.25, 0, 1, 5.0

#3000, 0, 0.3, -0.75, 1, 1.0
#5000, 4, -0.3, -0.5, 1, 10.0
#7000, 1, 0.15, -1, 1, 7.5
#9000, 3, -0.15, -0.25, 1, 2.5
#11000, 2, 0, -1, 1, 5.0
#13000, 0, 0.3, -0.75, 1, 1.0
#15000, 4, -0.3, -0.5, 1, 10.0
#17000, 1, 0.15, -1, 1, 7.5
#19000, 3, -0.15, -0.25, 1, 2.5
#21000, 2, 0, -1, 1, 5.0
#23000, 0, 0.3, -0.75, 1, 1.0
#25000, 4, -0.3, -0.5, 1, 10.0
#27000, 1, 0.15, -1, 1, 7.5
#29000, 3, -0.15, -0.25, 1, 2.5
#31000, 2, 0, -1, 1, 5.0
#33000, 0, 0.3, -0.75, 1, 1.0
#35000, 4, -0.3, -0.5, 1, 10.0
#37000, 1, 0.15, -1, 1, 7.5
#39000, 3, -0.15, -0.25, 1, 2.5
#41000, 2, 0, -1, 1, 5.0
#43000, 0, 0.3, -0.75, 1, 1.0
#45000, 4, -0.3, -0.5, 1, 10.0
#47000, 1, 0.15, -1, 1, 7.5
#49000, 3, -0.15, -0.25, 1, 2.5
#51000, 2, 0, -1, 1, 5.0
#53000, 0, 0.3, -0.75, 1, 1.0
#55000, 4, -0.3, -0.5, 1, 10.0
#57000, 1, 0.15, -1, 1, 7.5
#59000, 3, -0.15, -0.25, 1, 2.5
#61000, 2, 0, -1, 1, 5.0
#63000, 0, 0.3, -0.75, 1, 1.0
#65000, 4, -0.3, -0.5, 1, 10.0
#67000, 1, 0.15, -1, 1, 7.5
#69000, 3, -0.15, -0.25, 1, 2.5