7079.030224882529
9270.273687885709
11450.958448485399
13630.487432394031
15809.241718088357
17990.124698012816
19090.34010016528
20720.17280256884
22360.74474777084
24540.388246328563
26170.909192472704
27539.96839957593
28899.986223686654
30539.61385178588
32180.10430877978
34899.48850017897
36270.25614432962
37410.29880335663
39269.752382612314
40630.05319372195
41990.60169403222
43630.841974677176
44990.313097380116
46359.392215339496
47989.058164643684
49629.680905212714
52360.458998739225
53990.511721862946
55630.755293778886
57270.177317457106
58900.80686740522
61080.26660750645
62449.02294314136
63540.69694380921
65449.20808292962
67079.29292944584
68180.772801677
69810.49222166318
71179.69412711734
72270.96934145421
74180.0933843763
76899.04113306991
78539.9375260325
79899.0603298932
80990.17497811993
82899.1022624972
84539.83170777933
88899.98644973892
90539.20938877432
91630.98484263485
93270.52707761063
95989.89725098961
97359.01280438786
98719.06886753663
100360.58658098582
101989.68692961399
104719.85986851164
106089.22540422289
107449.86392290569
109080.54290063589
110450.62719874183
111809.51274694802
113449.84474241165
114810.68904950231
116179.92736709374
117809.06738103477
119449.01796317581
120540.56184942722
122169.54492375287
123810.16138040369
125449.89598200486
127079.07781945544
128719.24641635778
130900.75799660377
132270.19347270933
133630.87545387913
135269.73411983377
136900.11665142534
138539.5294491858
140180.19433374927
141809.97485105236
143990.870773762
145630.35041863198
148360.3326598513
149720.5879346745
151080.0893511153
152719.2091666081
154359.44251347007
157080.4149621704
158450.61106114232
159810.61527443147
161450.9004443092
164179.80493771788
166360.434227964
