26549.03174433404
34969.38363395843
38129.070232414124
40229.51585211246
42340.94113024185
44440.884223720444
46549.6795397792
48650.230147136295
50760.373232459875
51820.39098883523
53390.688839940376
54970.46169158973
57070.43448025321
58129.87182198522
59970.02560314891
61280.77129794936
62340.23879552993
64179.296889905214
66549.11171488411
68129.67039278541
69709.5667967044
71809.1548634128
73919.89844196152
76020.2181637813
77080.36848618662
78659.0169663355
80229.88825976745
81290.22013248055
85500.99058866732
88649.44040078083
89709.54800387018
91289.74817662047
92609.9404444729
93920.1279459745
95500.15190937892
97070.13023448654
98129.00563774469
99710.3103201807
101030.3801923473
102339.47208058812
103920.802922439
106550.09576418088
108130.78224228135
109450.9900133657
110759.65768752825
112340.0402161699
114450.58329003183
116020.03602823764
118130.6646940872
144180.51016701057
148650.4013853402
150760.08091433204
152869.33427492736
154439.18113871056
156020.31584402712
157869.44922101457
159180.94980686798
160760.50151660727
162340.58096265252
163400.40575578273
165499.69235223258
167079.0958429675
168390.7076282631
169710.52351041514
171290.49741685775
172860.56821720084
174710.81299378918
176020.90298168405
177609.2240985075
179179.48620300312
180240.53195927732
182339.64489827925
183920.61503140384
185490.31916773424
