52050.931974963016
53280.78905396843
59039.33110444591
63040.53075220562
65779.32652962042
69040.97081972873
72789.59242529115
75039.45855523966
77739.94637877449
84050.87845456265
85739.27239627989
87280.47778852991
95279.80076700807
97030.33481791597
99039.79894215839
105029.73430924342
109739.93275903643
111280.07281905015
129040.08724849694
130040.45342451912
131520.94861237708
132529.07000535302
134029.72672764436
135030.14354402004
136039.0674221179
138029.5921180402
139029.90747572336
140030.11906718768
141030.49857597155
142520.54288198892
143529.75367477752
144530.22320176134
148029.68855522585
150049.82780130696
151529.93929250864
152530.2423284295
154529.6460564061
156029.80258734143
158039.96019812606
164029.25895424496
165029.47810494303
166530.96409787092
168029.44690587473
171030.21431008403
172529.6510636977
174020.91321754476
176780.62146967344
179279.77694641403
180529.67193393986
181530.43115218997
184909.31524430745
186530.12846825965
188529.4978527433
189530.48208016736
191279.9314670094
192540.30031075762
194529.8376797382
196279.37583901486
197539.47328810985
199280.87431921074
200529.14468417637
201540.33869552801
204529.53628309764
205539.1925175887
208540.2984287286
