11740.18634177318
31739.857498308298
34119.4269229636
35550.85642181131
37929.16221245189
39120.697080806276
40310.336722980326
41739.637208192726
43169.818490201214
45550.194427248374
46739.25035267607
47930.81886026987
49359.801757467954
50790.16207457702
52219.796697452555
53639.9104667154
54600.971195097365
56030.32961458444
57450.61406124501
62219.681546545544
64599.29230111877
66030.08250054915
68409.42742322161
69590.92377124974
70779.43857761282
72219.57769307574
73650.18349495297
76030.18072698622
77210.06758648726
78399.1867357825
79840.38814431232
81261.00142706558
84119.54165416618
85079.43406353476
87929.21579963836
92690.75772889495
95070.6956905204
96030.36827876592
97449.84318449063
99360.43728440008
101259.20416313637
102689.50431510963
104120.26084544597
106500.55767869679
107460.29891899759
108879.30390985808
110309.15973519873
111740.73434307775
113170.36768778971
114589.62301057784
115550.00089898745
116979.38498144779
118399.25610787212
124119.48138631273
125549.8580917934
126980.41517920211
129830.73242057605
130789.3962333562
133640.12825017466
134599.2635960538
136980.2561302719
138160.71259571472
139359.9897633492
140789.01593452302
142219.22801555358
145069.3225793971
146980.31337927375
148410.15724922848
149840.9166902337
152219.08750632784
153399.1979208575
164129.54086861323
