2869.288975230543
7279.025244601068
8409.83467652479
10259.703522746506
13959.802522734024
15350.820308068855
16710.831603879502
17650.56540878154
19479.984037975893
20750.31530152918
22020.024819589795
23179.97679919931
24439.53095894879
25710.533816124032
26869.45930277286
28479.445361454025
30560.117271637097
31829.68367955001
33089.29185432511
34250.7869922164
37019.32063004349
37949.81276252728
39209.18187503586
40480.70405120482
41639.10465612197
42899.56533858742
64719.6856434928
70260.72506027845
73949.30915145161
77639.30231040661
79019.7521623432
80649.80633862602
82029.22589529755
84100.76633650469
88509.58980358132
89640.65096322056
90900.95643133676
92170.07327059745
93329.19787090158
94940.8187075769
97020.70294163545
98289.79102434417
99790.62177399278
100719.65709960861
101980.64121985914
103479.01112707454
104409.20770394696
105669.55088124528
106939.52832544936
108099.01843448772
110870.84114132677
113060.91178600713
114329.58055626505
116750.53527213141
118250.16579607475
122880.5243611487
126130.47819922362
128410.83762876659
