34289.90418240757
35680.87446983618
37060.71773116134
37990.43973848072
39370.29815222952
40300.8063553549
41680.46817907918
43059.557262574795
43990.95506612506
45369.598917476804
46760.36163335337
48140.534226216514
49980.57771733234
50909.2623630517
52760.4451139589
54140.15441410002
55070.03568673847
56450.98359870288
57829.5899724265
58760.36038328272
60140.78916444025
61529.98166769157
62909.27643045006
77680.01329532076
92450.91752910125
95039.48321735275
96140.19065350492
97070.13023448654
98449.0251424334
100759.6893380476
102140.31212946944
103069.94795254437
104449.99199421199
106109.40814286194
107220.82148384444
109059.06137267005
109989.61195859911
111829.12332073388
113219.76514540859
114600.35223074991
115529.24196405929
116910.0184942475
118290.28356179291
119220.49376456418
121529.37284801208
122909.90437466658
124760.25027796144
126610.76791871474
127990.18417469566
129189.26719526098
130299.14619451265
131680.92952111817
133060.5380553711
133990.03206784377
135370.5506578123
136300.9889538171
137679.1236056374
139990.93853737434
141369.81454520728
142759.39257429246
144139.1249322698
145529.1885991186
147830.0045618258
148759.77827119414
150140.69450724797
151070.78204030253
152439.82914834697
177830.29904272372
