8260.994093434578
9169.386202610303
10970.87870058722
13709.085768971143
15509.33607699158
19140.369485799667
20920.018248544333
24530.4810576983
27240.4883650957
29949.62033071768
32649.5707701352
33559.11943186077
36260.661994492424
39419.68292809511
40770.82568139235
42180.29696632525
43479.06314379421
45280.844794696786
47090.25912629947
48889.984450541444
50250.093178197756
51599.57151465025
53860.911453578956
55209.89585239238
57019.578173110596
58819.67329900499
60649.87173826726
62430.55668702639
63770.7298084922
64689.51206533663
66939.09074570282
68289.50757933901
69650.86312758546
71460.78829138575
73260.8811155286
75960.72986159752
77759.68663451825
79120.8625526577
80469.06202641103
82729.73577985623
84080.25606542028
87689.46736267887
89080.9464733745
90399.82875703678
92199.9201351231
93559.19179267023
94910.59990639357
96300.41083088426
97609.4481314412
98519.6133343789
99920.44347745963
101219.02273942207
103030.41426697519
103959.60527187295
105739.60243414335
107989.41071653055
110239.1843164198
111600.00882644723
112950.66517266863
114359.77851272549
116559.968781362
118390.78387043331
120169.71243112764
122430.55859581329
124679.35499051276
126040.26265916486
127389.32463935818
129209.3168736674
130999.7195796156
133700.3894311218
135510.4560023066
136419.15868268016
138210.6375186596
140030.11906718768
141830.47973615123
143640.1425425309
145440.6435919579
147259.75572882587
149049.61786579667
151300.8399538636
152650.9738101194
154459.6825548545
156259.80264077723
158079.59571241005
159870.52261134394
163489.7264148137
167079.0958429675
169349.60789713677
170700.4496306572
