4350.866327973743
5430.994377955853
6930.726954090206
8649.265046502085
10370.19271559461
12079.085905904683
13789.88589366061
15509.33607699158
17220.301782184368
18939.484639462844
20650.52453455777
22369.048245285565
24080.001466512505
25800.920183956514
30939.21817737759
32649.5707701352
35209.17444299246
36080.17808559014
37800.06963251228
39509.00940634127
41220.62343634275
42939.83144331524
44650.1423713336
46370.57475035847
48079.00621852864
49800.78553364783
51509.74649611334
53219.344236348945
55780.93190704452
56649.24863732168
59210.570183642
60079.42958737628
61789.677565999795
63510.43971295257
66069.36870315204
66939.09074570282
68649.85270133811
70369.81220363137
72080.64624636127
73799.90856044373
75510.44194601348
77219.60490281355
79779.3530441015
80649.80633862602
90069.84910135873
91569.49807623746
93500.88291909917
96929.8488917884
