14800.32829292845
15659.537397227366
16729.725833491164
18229.834996555674
20160.793258125097
21660.399208596955
22519.53001677408
23589.92862841931
25089.287029824303
27010.977980696603
28509.491574816377
29579.776043088357
30440.91332365657
31299.149436649415
32800.13504744745
33869.71369113209
35370.93435040703
36230.91760101637
37299.463439286126
38370.80061993394
40520.175345621945
42230.500005180984
44160.52199774214
45229.65234038563
47580.73253528755
48889.984450541444
51010.4835977849
52090.06328998261
53370.46926870357
54440.65031635693
55520.448702036694
56800.727316811346
57870.161150011
58940.053265482755
60229.425422660126
61299.79813240094
62610.4111407942
64730.69458905608
65799.55776136414
67090.18394909534
97079.70093296393
110799.08699950838
112300.56072146635
113369.36795966019
114230.29917954949
116800.00380769727
119800.91641934011
120659.90454427409
123009.54126620803
123869.87074376304
124729.93767130855
125800.65661479211
127510.53793048597
128800.61289739313
129869.91064879863
131179.84019687044
133299.16268797126
134370.62235499825
136729.2683971264
138229.95152807454
140160.88627176904
141229.62229506113
143579.44798231806
145089.3491744344
147009.2448463596
148090.4378226765
149370.282590344
150440.83500219238
151520.79197220856
152800.5247960361
153869.19465185865
155159.63934188322
156229.27423517802
157300.2240915275
158800.68173643097
160730.88897703902
161800.75250003632
164160.36752211227
