14349.456694540851
15189.350709200256
16860.84113652525
18379.11932901169
20190.807498486458
21440.120035291035
23519.51271675456
24359.08380195753
25610.757538447535
27690.93928716676
28940.288199792183
30189.996251349476
31439.419205753595
35189.524184488866
36440.904874764055
37690.95926006878
38940.12527949462
40190.90452892568
41439.18845066886
44359.58514354963
45610.3134657
46860.434839640526
48519.90368633162
50190.02177820512
51439.69887262206
53519.19363030677
54359.866276363784
55610.598800242595
56859.56830089613
58380.572895305384
60190.920817785714
61860.74109628725
63519.3417386285
64360.714389709785
65609.10172425659
66859.30042497664
68520.54983541882
70189.1513818197
71439.42831623342
73520.98436919696
74360.56544870709
75609.44006677148
76860.25822918487
78109.95877501332
81020.58358958439
81859.84985878179
85050.97954034056
86439.98122633634
87689.46736267887
88939.82229640287
90189.5311134021
91440.37875792809
93519.81564123859
94359.22035869723
95609.9867693774
96860.51244591555
98110.38528718507
100189.96235066417
101860.999393605
104360.53247246421
105610.32935421185
106860.63984807841
121020.38626697319
121859.42908633812
124359.9060736185
125610.18064781485
126860.09879974584
128519.78277469109
130189.97200115194
131439.0049419332
134359.87719799828
135610.7931850936
136860.0012672273
138110.6175903909
140189.96441018255
141860.3757714081
143519.12458390082
144360.17333373116
145610.68489730358
146860.32567478943
151029.38180928634
154359.44251347007
161029.37946097634
