14980.58260053479
17089.37063410467
19199.755788169172
21580.39701817426
24269.62195833788
27230.95859292321
29340.089848314423
31449.950728326297
33990.660413815145
35680.87446983618
37789.447527390555
40750.958799715634
42860.96600774059
44979.66788142261
47509.808925069934
49620.47912566913
52579.408191367824
55960.073947098936
58499.09794855357
61030.12695060552
62720.56863739519
65259.82319815301
68219.16310678056
69910.59133582635
72020.08222815079
73710.90604027174
75819.70206068672
78360.53947554535
82579.79007705626
85120.03371653026
86810.53005631878
89340.71119075657
91880.46307873714
93570.87838699111
95680.38584208938
98639.39881644759
100329.83737399445
102450.50565563932
105399.85034680874
109630.08122853492
112160.84851092444
115119.88916778205
116810.1879109877
118919.89504882022
120610.79982372627
122990.19228601106
125680.33576343628
128220.71189977488
130330.37067632907
132439.74158162103
134130.01811394742
136699.56364868092
143699.96718566844
