40199.60008704663
45219.66472518393
59500.855148117116
61710.81232356923
76180.47974554727
78180.3562553411
80200.36940479116
82610.0566683878
84819.95725722407
86640.42620235562
89039.80033315267
91050.5985440324
92860.36850581107
94680.17136941935
96680.89387560992
98690.02719152544
100700.58510924238
102509.45968876359
104329.7748455984
106329.31890668943
110770.62041942988
113170.36768778971
115179.77724331472
116990.67574578612
118809.48609099959
120810.83983145843
122819.59024023236
124839.07388219768
126640.06540250867
129249.41330435524
131269.40416304584
133289.39791212743
135690.81437528675
138110.6175903909
