1069.3254102169135
4310.849082106396
6340.7717963611185
8159.522978103009
9990.606627198324
12820.701826415203
14849.446651096157
17279.58199673054
19310.018521292433
21339.33299020804
23160.609466986123
25800.920183956514
27620.50325752609
29449.76742649918
32279.245296043173
34309.56573822632
36740.59050768553
38769.46046910367
40799.1326240619
42840.99471396208
45669.722112393276
49720.155551945856
52159.78486950575
56200.82297602895
58230.49665898981
60050.013059893994
61880.5620749562
64719.6856434928
66739.72483840893
68369.08652531395
71200.6300391383
73230.82631448148
75050.21566449414
77689.23048536024
79719.35273625095
81539.39264009245
83640.12899801965
85390.62164645165
87019.63206607653
89320.50744839726
91069.13035933621
92690.75772889495
95119.47386289285
97149.7725677926
99180.65600671398
100999.55792305582
103630.9507355902
105660.24855918706
107289.5983104491
110119.68994219831
111999.44747328814
113769.75480098082
116210.86409298668
118640.56082152485
121069.11422829301
123500.53159086555
125939.2916205061
128370.79282078955
130189.97200115194
132819.36217581574
134849.1111399949
136479.05525311842
139310.84078841054
141340.47892095018
143769.7862426636
145800.90466659158
