25869.005523826003
28680.14918349183
30480.086729947936
32080.625565296188
35089.68631597246
38479.844593382564
40080.22277944718
43280.92552694928
45679.25152758873
47880.579248141745
52270.801849872994
54279.85735958549
57680.71784079186
59889.08601304151
61869.05179396335
64080.89673645604
65869.38213745214
68269.55226654647
70480.89779581944
72690.42524164956
74669.00401174978
90670.72079595941
93870.06604716394
97079.70093296393
99069.50101569465
103470.58423223515
105479.52261508728
107279.70818109937
109070.24401435743
111889.87843111026
115469.69695944196
118279.77594290239
120080.01889986401
122480.3854464222
124690.33449046087
129070.78165387346
131079.61957222808
134480.5505533956
137480.45377254684
139280.89159524385
141070.56160276587
143880.31702654247
145679.0235774601
147279.03929382577
150279.53301865456
153679.88604869507
