4260.74345501766
10409.043191899382
12999.640816288698
15390.570536733765
17060.95827346841
22670.434998789708
26659.81344058137
29860.037671363236
33860.19818443091
35460.51398938689
37060.71773116134
39459.93583037746
41849.29891795178
43469.71587942175
45859.73952315437
48259.00265788782
49860.05347491708
52259.41834736633
55460.59117344735
57459.93969934147
59459.05233383664
61060.994443802054
63060.22533586208
65060.42182558333
67449.5220937615
70260.72506027845
72260.68550608937
74659.18717358452
77859.0345941966
80250.76558380929
83069.86286509037
87459.5731230501
90470.53718292214
93860.9934264133
95869.2335592194
97860.22586079738
100260.45579836151
102660.10808785885
106659.07107545264
108480.56053236319
110659.21793069254
112259.91274763505
114259.29210498204
116260.11728385936
118649.30608189401
120269.67290048895
121869.88373631924
124659.16633057162
127059.07559079121
129060.83572253377
131450.61309703765
140999.2068818426
147069.20670624397
149680.2477604413
151450.00506736676
153450.34728708587
155459.81026320276
157859.67048085318
159859.93631198845
163059.9609430988
165460.44442053905
167460.28406896594
171079.79155312025
173069.80842679355
175859.41738774913
177469.36521801807
180259.3774369079
183459.64420278452
185460.11932051188
188660.18913202296
191060.16836864268
193060.05295493285
195450.95853934137
198259.64384171698
200260.64503887613
202660.0063772932
205670.91121162387
207460.0324234123
211409.8859866169
213679.1375990032
218619.6396105232
227469.6165322065
233900.5009881103
