1029.8642217406496
9839.45096870832
13830.77694745772
15630.082241464763
17839.154930464698
19439.180903600296
22039.13907084937
25230.285893595876
29840.82031614138
31639.21232094879
33839.62293322304
36240.283512874514
38029.864185609804
61040.417306602205
65839.42714284833
68230.72587221184
70029.51606464497
73230.82631448148
75439.56466954421
77840.01497095391
79629.23762256038
81840.65256724684
83440.73228430434
86029.76494051193
89239.96090732563
91440.37875792809
93830.44034950029
97839.20526970498
99830.3194887961
105230.26540209897
108440.14456317332
111629.61215570204
114840.54815539838
119030.7676980073
122640.41150680366
124439.51384570138
127640.1544864604
130439.66575695165
132229.48873583126
134039.82509812404
136239.8855782789
138229.95152807454
140440.71466656012
142629.70743382061
144340.30432089616
