16129.541578946402
17699.60392201056
19269.900834932214
20839.053411730903
22409.72929361752
23980.664654193475
25540.685921356926
27110.365734009916
29460.75123364515
31820.46535908266
33389.41707834953
34959.92377318242
36529.93343098275
38089.55269725908
39659.6577503427
41229.4474590637
42800.5160507434
44370.472412141964
45939.21699186457
47499.59935241327
49069.709905449214
50639.01827869333
52209.22217791238
79669.19831328244
81230.64235553237
83580.57064972403
85149.78573127596
86719.29747160272
88289.5529926868
89860.00383232089
91429.40293630895
92999.1886556075
94569.94139427932
96129.06319042126
97699.10055488202
99270.81559240603
100839.67339238335
102409.9353190939
105210.29925319708
107110.52092220348
108679.22663658555
110250.46938549273
111820.55411908877
113389.96020920797
115619.91832681319
118089.57939525456
119659.88724464146
121229.03633283297
122799.4496702777
124370.36446598632
125939.2916205061
127499.52292240034
130639.12936512688
132209.3136688226
133780.50942528408
135349.63126437663
136920.51615638536
138489.2115270626
140720.64751571254
