13389.57781931803
14929.50677380114
16469.203074146146
18009.17199564273
19550.793440671492
21090.225833555785
23400.686674278877
25700.345081918447
27240.4883650957
28779.847353727193
30319.756571397615
31860.331421525316
33779.11185024555
36339.85382214435
38010.465679706125
39550.10037001931
41090.101470702546
42630.84544349486
44349.78808081114
46469.222749843655
48779.67172389228
50320.8748277755
53390.688839940376
54929.15492268976
56469.67285610867
58010.65871034903
61469.07036809139
65700.93785098464
67239.6161337328
68779.03240624824
70319.93787157498
71860.01690554651
73399.9051093768
75320.79352086529
76860.25822918487
78780.98206287992
81089.49114199562
83010.46232934983
85700.60602625176
87240.21779052167
88779.2572222751
90319.40395469805
91860.74885654391
94159.89476557601
95700.79230543591
97239.3469367325
98789.97170935667
101090.8032897982
105699.4860539757
107240.49442650154
108780.77593726752
