4029.3647185215304
10030.195344567372
16030.418717220691
25020.545143848947
26900.92960281333
28779.847353727193
31020.352109676776
32900.677069826976
34779.58795292152
36280.36034125676
38900.98061417772
40779.61015132027
42279.816281936255
45280.844794696786
46780.85154110903
50149.06654549264
55399.51299045428
58400.08634515062
62150.78036210869
66650.69423118306
73020.61784421184
74900.56330618101
76779.67117956269
79019.7521623432
81280.8138464465
83899.5090842715
85779.17909585619
87280.47778852991
89899.13134952655
91779.37185798823
93280.79190027209
95520.97380101119
97780.883340363
100019.90041899512
101900.26899620531
103780.85304122206
106779.43108791138
108280.00633355105
109780.83012871035
112019.31321556166
113900.97497871633
115400.9974886211
117279.25558039687
118779.76132581908
133399.1827146959
136399.47214297985
138650.04993249124
140150.43967196287
142769.3316132827
