20529.731394936534
31020.352109676776
32890.74764660823
34769.053354098665
36280.36034125676
38139.619262019514
39890.570897625665
41899.4003338762
43779.47635197137
45890.499889506216
48279.00260147475
50899.06055246674
52780.7950178073
54890.62883702123
56899.071344813216
58780.244892043185
61019.530334047864
62899.197983164515
64780.62521953906
67780.01669085649
69660.87170362906
73779.49367320766
75890.30587028549
77390.89691288621
103020.25171724804
104899.54904692293
106769.31224319451
109019.22037599375
111269.59616682873
112770.72669359847
114889.88778869524
116390.50746889945
118769.96434690549
121020.38626697319
123890.12861717533
125899.66245249189
127779.32821012572
129660.68025481491
132279.99971279435
134139.55855946837
135890.3546085432
138140.78977143276
139770.05827217823
141279.85289973917
143149.40914075775
145019.93978841364
146900.05535016066
148770.56395549705
160019.42867840268
