9650.58914466253
11720.722873103176
15650.52705181582
21650.45860684037
24650.472215891594
27650.314975025634
33649.22776909551
36649.526739815825
39650.06802610883
42650.86771820471
44379.992315924705
48650.230147136295
51650.78566365815
54649.53681067257
70029.51606464497
88030.44730858256
94030.28673373561
104920.89737372963
109790.12932591965
113920.99562359945
116919.72482396732
128899.75628836647
130400.6842534726
132650.66026684677
134390.0382226269
136399.47214297985
138650.04993249124
140150.43967196287
142399.20434423635
144649.04631869492
146389.9815579233
148399.8989774933
149900.0209117281
152899.06428004793
154400.2209390779
156649.65270422102
159650.0703242317
161899.9155995418
164900.4465974109
168650.02730047793
172250.53739186245
173900.56369347643
