4050.403119074051
5910.127062417184
7780.834685543463
9629.229184730886
11119.15816641206
12980.078912423207
14840.120059072537
16699.97045058517
18189.450343134686
19680.09339463979
21539.112490187872
23770.80992833596
25630.35428408126
27120.124690958615
28610.355635234115
30839.323094357376
33070.75059721518
34560.28771431502
36050.94623107427
37540.4877578304
39389.8725473571
40880.925287233134
42740.596971803796
44599.82817235704
46090.70223494268
51670.93352093157
53530.19888358097
55389.39056204221
56880.52462585132
58730.615075272406
62829.87792305753
64320.92138087948
65809.09546944896
68409.42742322161
70640.92019087718
75850.72154769451
77339.09563682883
79200.02668940197
80690.45119844646
82539.50217284844
87329.03823140796
