1110.2243397551888
11599.02515571267
14849.446651096157
16299.172528087138
22079.902783327656
24969.677169234903
27860.894306654693
29310.683632233675
30770.754157687574
34009.277403562155
37639.88602779596
39429.37871490018
40880.925287233134
42340.94113024185
44490.602875815035
45959.53861595612
49209.80830463001
50989.57248361834
52440.08793738985
53890.05037731135
56779.97743325689
59310.765380109864
60770.636630780675
62559.84305615096
64009.78991316308
68720.15095073872
71240.65287413492
74130.19924477977
75950.53761290328
78460.49937074333
79909.52068588433
82799.56179954114
85689.5513938653
87139.4048143627
88969.01713669609
91479.65453266686
96179.31677866034
99069.50101569465
117499.4241257091
118949.65772139063
121490.45149392907
127620.40710960668
130170.29277641092
131960.41452525853
134849.1111399949
137020.42296154553
138489.2115270626
141740.7307999598
143529.75367477752
145349.3991144682
149670.65325759276
152580.60379471866
154609.46092939939
161250.31928763166
174630.27231090728
