1059.0171282543922
6780.043991609207
12490.96182448687
21070.15017810286
25350.17265724477
26779.020736857485
28210.320342874787
29640.19743169342
31069.70653014616
32499.775986555433
34640.07087168559
36780.31949598127
39279.4241231423
40889.564010428716
42499.70413458613
43929.98518008589
46070.104302076325
47849.13032308519
52490.9833605006
53920.63049491407
56069.27052196796
58209.39063895246
63920.76359033204
69999.11049378625
72500.9919214628
75360.1788385874
78209.77403674532
79639.65122687802
81069.96526842752
83930.20427410436
86780.93761641734
89640.65096322056
92499.64791733207
96069.27302145393
98209.0222478222
103920.802922439
106779.43108791138
109630.08122853492
138210.6375186596
139640.36155172484
141070.56160276587
142500.68380531232
145359.25379716879
148210.5970208896
151070.78204030253
152500.282788059
153929.1630942578
156790.37164591198
159640.85975177077
163260.16615641478
