1069.3254102169135
6720.659649255159
20839.053411730903
24719.1701873035
27539.96839957593
32129.551524635182
37779.36705236958
43430.22110178131
54720.79155252124
57539.84257467486
60370.29039780946
61920.304898382245
77319.14429231934
80130.85567988934
84009.47405304127
88599.50083174628
95310.70948130668
98129.00563774469
100950.87839224015
102720.71431654424
106600.16128331453
111189.5346531149
137660.4738121089
139429.40161107387
143310.0021415806
145069.3225793971
151780.34549912292
157419.82660195473
162020.92298095603
164840.77269467287
167659.02532407682
174720.45186723783
181780.90764929887
197319.15062630764
