23620.868308399855
25740.396864454404
27369.50302095682
29269.001503574353
31030.06772595009
32800.13504744745
34420.121589585906
37040.279960342654
38669.249005667996
40570.79232079858
42329.39771029402
44089.96056360969
45710.277601419366
47509.808925069934
49029.828301102454
50450.22422734725
52070.82714994619
54210.96810410859
55949.778646661165
57509.25217983199
59270.13871179831
60909.9366276311
62449.02294314136
64420.526772121106
65980.09642128588
67740.46044035266
69510.14432761814
73739.9951482034
82210.57206251106
88080.66576405166
90330.84577858185
92089.2190280718
94920.5322848444
97739.15001581275
101980.64121985914
104069.02711137399
106209.2119099847
109030.46476476935
110450.62719874183
113270.8571798423
115269.57669878326
116800.00380769727
119619.02766797823
121390.75567877697
123150.46970222132
124770.68727452864
126539.75460728406
128090.35976128672
129860.15627068577
131619.44901417213
133390.72043987684
135009.57780008798
136569.55424788865
138330.26548417113
140089.88031463925
144329.51279478474
146300.1937111036
147859.66149182862
149619.4452610705
151389.62937250646
153360.88713938493
154920.08985117535
157029.52140438603
158450.61106114232
164800.59449079118
170099.19117485342
175389.10444500743
179979.49018524468
181740.94102082192
184559.33058080575
185979.84864492077
188089.90380704464
189880.11959577893
191479.79781818268
193039.89067790733
194799.90169349275
196559.0177970938
197979.70134827553
199739.73301395346
201510.44784362818
203269.03567022696
205740.52581898335
207859.64703870437
209449.93144226118
212089.16146068458
214210.9420175584
215629.0447495916
217390.57334592126
219150.8862906605
221119.53477588447
222539.4267636723
224100.68409488216
225860.10556487474
227620.5140826291
229739.81160980757
231860.80261576333
233619.36635192367
235389.4390069243
237150.07898045875
238920.32617781655
241040.23742398582
242799.59350805383
244560.8563403157
246330.0538329212
247949.6158411802
263620.68772340025
271459.9969656059
