6529.984299024866
8449.495648830192
10039.07786513
11629.790878176478
13400.918112072122
15160.422770275765
16929.625899936258
18510.008669070507
20099.085285426045
21870.53763264458
23630.451700160123
25389.24015499172
28220.458606521363
32099.897779351828
33860.19818443091
35450.55303896719
37040.279960342654
38809.412450407246
40570.79232079858
42340.94113024185
43920.96881778693
46220.62662574075
47989.058164643684
49570.299040510065
51160.11001001908
53629.78313138414
64570.10799514941
66339.14192354317
67920.06446293391
69510.14432761814
71279.71693974969
73039.89709919292
74810.83674021135
76389.45145605203
77979.50817595651
79750.96416688267
81510.48478400828
83100.2857667921
85400.94364374067
89979.45250572338
91750.22854200586
93329.19787090158
94920.5322848444
96689.84399429536
98449.0251424334
100219.53077792659
101809.06309578764
104099.89614686187
105869.55317824477
107449.86392290569
109039.11056583186
110809.529612984
