1119.7501115755374
12420.7027137658
15069.179485401031
16660.727744076376
19130.07379997794
20720.17280256884
23710.055538181565
26359.624051154362
27949.007395629687
30419.773048838644
32010.294216151466
33600.14957977413
36069.403558262406
37659.12639295514
39249.19336982265
41719.26432558689
43299.58786967264
44890.89457181105
46309.97238274977
48949.67515900229
50540.08118572532
53359.82441592177
55129.89644212644
57600.89197520698
60249.11615148366
61829.67594331403
63250.07124133317
66419.997945903
68890.1427993143
71540.9563154908
73129.16603705283
75599.09208094206
77189.22937066923
80189.34865259507
82829.76860982095
84419.20426180614
88480.31350691605
90069.84910135873
92890.6214238332
94660.85837715406
97130.57135503854
99779.28194591371
101370.01239286768
