22679.370963952606
24080.001466512505
26859.433377386078
28259.492231041237
29660.34091769697
32449.196531627644
35240.5588255522
38029.864185609804
40820.75175340999
43609.60149564503
50590.29541444124
53380.407229500976
56170.316524280475
58959.03373005115
61750.19911763988
64540.5294382291
67330.14942760704
88260.07171355111
89660.16756227275
92450.91752910125
95239.35899890035
98030.93534258276
100819.66888859202
103610.65800810794
106399.64930481695
107800.99741255464
110590.50768607069
113379.37832591166
116169.92721642346
118960.1368846525
121750.57839330896
124539.57076148638
127329.87293385666
128730.75545972696
131520.94861237708
134309.06436674824
