23030.981302056094
24739.097358590774
27489.133923436486
29210.478317446938
31270.3687475136
32989.70019188418
34710.903271601666
36589.53087154169
38479.844593382564
40209.953740152574
41590.60563220914
43299.58786967264
45020.68244962656
46730.66536543905
49479.37666625058
51210.61553933785
53959.54137757187
56020.627385464155
57729.017088501925
60469.65086996061
62209.68717412028
64260.32821022122
78010.3438970597
79719.35273625095
81449.01080949223
83169.26062503149
85220.57015113198
86950.8413725148
89009.0694750982
90720.2815360334
93820.26171785148
95200.59399285265
97939.25166242142
99320.59493656548
101709.98021056941
104819.1263772938
107210.63752893759
108940.46451431273
