11789.871431650809
23499.5680862013
24879.184073246004
26600.67321835052
27980.51155019755
29360.39760501462
31090.352082772963
33160.274991239196
34879.33602723517
36260.661994492424
38199.03332109159
39710.50798100026
41430.62907466432
43159.4417580381
44880.140975124144
46949.474478433076
48669.57813497414
50050.08876933412
52470.666599050004
54189.14989015432
56260.32114505074
57979.2435494549
59539.519640111204
61089.03568918377
62470.89972375967
64190.18416557861
66260.21079221136
67979.49585624853
69360.9490819395
71299.62238967032
72679.10490039384
74059.30549660297
75439.56466954421
78329.66677677717
80050.51488285311
81779.77216645876
83159.3432971967
84539.83170777933
86260.64076912764
87640.93350470439
89359.8064884739
91089.06044320716
92810.31602757848
94540.18169529398
96599.5468058883
98329.44121457326
99710.3103201807
102119.69206844541
103849.0619233211
105570.25682256633
107639.66599558385
109359.81808839426
110740.16608705494
113159.33171096616
114709.43249190589
116260.11728385936
119019.38382138831
120399.02821259186
122470.53296751878
124190.34248702801
125909.79131429522
127640.1544864604
129570.61099485858
131430.01192048413
133159.40739818988
139029.90747572336
