1990.3095929260114
4040.33761202429
6070.848459891266
8789.850381429858
10829.369451936453
13550.256660465371
16259.240397079484
18299.187228419945
22220.453713713778
23740.075441348246
26459.14550533628
29180.89562605358
31899.720651129202
33600.14957977413
38350.26809936363
43469.71587942175
46509.72580704121
49229.97089201289
55000.95371633537
57379.45257546212
59080.914212999145
67230.34987279956
69950.86678405023
72669.91335944626
75389.01608049523
77090.92398684927
79459.62902618732
81840.65256724684
88310.81653957431
89999.58444962077
91999.8403938074
93630.54631646046
96079.8273826919
98169.87942014098
100199.29260779316
102199.69770020859
106950.23781376914
122949.88277140222
130040.45342451912
131789.95281523262
133489.6297959651
135180.9695234847
137899.45530020024
140620.0215915441
143000.97008380853
145380.42677334754
147069.20670624397
148770.56395549705
155020.71323967713
158180.50416669992
