1400.495816993457
3080.568849528088
4769.425047540611
6790.947872254375
8470.876399689343
10160.677119458058
12180.410359360045
13869.63178626002
15549.126528972654
16900.990752431244
18919.732179470757
20270.60359228051
21620.354308061447
22969.783521890447
24650.472215891594
26339.849866222878
27690.93928716676
29230.408711175252
31060.928165096895
32740.771677241006
34289.90418240757
35779.40503720758
37130.77896541126
38650.4670956964
40500.70337262459
42349.51150333458
43869.87375418567
45219.66472518393
47239.45986888957
48920.33664748991
50610.09533705109
51960.02277457523
53310.274633076384
55330.48008405466
57009.95801021796
58700.10796707681
60050.013059893994
61399.07672465086
63419.351964341404
64770.8302674136
66120.47646259311
67800.16072135919
69489.29181757836
71509.2720615396
72860.05799611458
74879.39118507454
76229.68023010125
78079.36844098534
79600.72377565301
81280.8138464465
82970.20123435558
84320.57738363305
86169.08314306437
87689.46736267887
89370.62446938758
91060.77688657114
92410.90531131167
93759.68806631064
95779.49827897859
97459.59640397366
99149.72325968413
100500.16039644773
102350.4888407088
103869.62866148663
105890.41864272008
107240.49442650154
108589.9526934314
109939.61689987083
111960.07090237267
113640.40863648006
115179.77724331472
116679.60757364465
118529.8624634907
120050.53137473896
121729.90626392767
123420.36380430097
124770.68727452864
126789.22136760401
128140.76151734267
129489.87206781325
131510.3529000197
132859.63173070928
134709.14005823704
136230.41013160528
137579.24587286642
139600.5010471631
140949.6618239139
142799.2892549512
144320.95277366837
146000.32071902085
147690.74371091955
149039.25877156368
150889.64441850997
152410.41356136312
154090.01277893982
155780.230844735
157130.73593767916
158980.05324860138
160500.81967720788
162180.95269458002
163869.777716952
165220.72454833947
167069.2691980719
168590.77775784227
170609.30010307248
171960.72213789387
173309.2581187916
175160.95705611727
176679.6121440086
178360.45399707623
180049.93747491346
181399.69500795926
183249.79002812924
184770.35734328337
186449.6341318299
188140.02419638215
190159.4998219006
191509.14461348942
192859.98820869462
194880.45586891388
196229.75351183204
197580.1599567412
199430.89769317475
200950.0622239745
202629.06869534627
204319.17370568868
206339.21759202427
208030.60363689557
209710.50066615484
211059.6863345926
212409.81105239168
213760.74388908903
215609.6774240717
217130.1799546727
218810.21865252865
220499.9380439048
222520.02769530538
224210.87337132564
225889.1368489409
227240.61498866472
228590.5904953528
229950.18152227008
