1159.7503336902987
5889.187814352356
11960.181481864087
13979.933380711112
16680.078530900053
22140.212603532866
24090.718364503286
25439.48537932326
26790.012457914756
28139.83985491428
29819.84254856839
31190.213171516738
32849.29703330961
34879.33602723517
36230.91760101637
37779.36705236958
39260.503050720006
40610.8966756775
42840.99471396208
44319.86363789614
46340.15053758311
48360.74081861209
49709.4901371986
51399.727258137245
53759.70439704265
55769.444225006795
57799.872265549326
59149.496311885654
60499.40024490993
62180.211165066314
63579.1582604624
65209.93463548831
66560.29803187074
67910.92706230028
69600.11405117702
71279.71693974969
72969.12871932173
74320.09921417215
76000.56550156794
77689.23048536024
79369.11603219272
80719.529606117
82069.05560521041
83760.419957397
86789.92134635124
89829.42531469431
92520.4238808767
94080.23898195937
95560.59126663202
96909.04322916143
99599.01563623613
100950.87839224015
102629.55552998334
103979.88987997772
105329.33831419941
107690.96622478105
110380.48153955731
111730.63388005902
113080.58071857144
114429.23256774365
116109.11466367522
117490.09711401355
119819.76267411132
121170.6482616837
122519.85386930409
124080.8285924571
125549.8580917934
126899.10689235407
128299.5746316667
129930.09959492725
131279.25167041682
132630.8335510082
134319.91261876523
135999.52237321454
137690.74674344473
139039.41175362232
140720.64751571254
143419.0001852784
145100.5170245295
146790.0857625044
148470.61547386085
151509.23628268664
154879.62169314473
156570.7577472203
158600.920068256
160279.01674605435
162970.2223251566
165210.86529671826
167359.81615019115
170050.1312211232
172409.45723608695
177799.26823656607
179150.50521486922
180830.66931680456
184540.6229586977
185890.29556366827
187239.43452186167
188589.6867171223
191150.31428769397
192630.00489763956
196679.9812406523
199369.67069482876
200720.87496690342
202410.81997737408
204430.0319728972
206119.72912395178
207469.71776638317
210160.44136132108
211510.21007631277
213190.38048529238
221620.3177638866
225999.7224188756
227690.4039151887
229710.87642779495
233079.50402269326
