7439.549551666761
10589.70389995046
14369.979970300617
16369.815689538782
18370.12845251069
19709.42739743217
22239.8141927497
23699.817073896407
25039.784150345684
27699.742298223104
29039.366711694474
31220.011609931273
32910.73379965114
34369.751703957576
37230.341137108124
40179.27152649505
41930.75103366924
44559.155731154926
46240.82670425764
47700.89464807353
50040.56542869212
51700.04388789918
53039.682313156
55220.49000893135
56899.071344813216
58590.540197687566
60370.29039780946
62369.20021768901
65039.06874638869
67569.63116918535
69040.97081972873
71500.3298610554
73030.67299842375
74369.44196541092
75709.68155323288
78240.94643833944
79699.0161906173
