23030.981302056094
25039.784150345684
27030.31835048032
28369.320036601497
30369.24983630051
32370.93255989028
34369.751703957576
37040.279960342654
39030.442709337534
40699.022197268176
42370.502198144815
44370.472412141964
46370.57475035847
48370.67341369478
50370.77231296326
53039.682313156
55029.262550847474
57039.85036143528
59029.43929891262
60370.29039780946
62030.743122528744
63699.58727984087
65039.06874638869
87030.75060459056
89039.80033315267
91030.75202246151
92370.57901086615
94369.58858079942
96369.15681150512
98370.96287705278
101039.66639472402
103030.41426697519
104699.21125831165
106369.91500487621
108370.43588729331
110370.93074812839
112369.49869865789
114370.7374588878
117039.33688669019
119030.7676980073
121039.7294719551
123030.61877952362
124370.36446598632
126370.07097552976
128370.79282078955
