2830.194873166824
7829.835955810944
9819.285922793173
11370.602710496512
13810.822080079488
15150.937430116595
19150.22002124331
21149.926943275277
23150.690601051116
25820.238535029075
27749.215193750533
29809.604594300323
31150.831321827776
38479.844593382564
40480.70405120482
42840.99471396208
44479.773526599776
46480.149388578364
48160.75241964192
49809.86177380387
51149.533468822076
53820.33757393811
56479.074765172736
58830.66844532515
60480.93477963133
64480.35854697031
67150.46488833534
69810.49222166318
71809.1548634128
73150.95953366852
74829.6665227172
76479.80468339456
79150.10586819293
81079.2484116831
82480.50283264494
84480.49270347807
85820.33639495188
88480.31350691605
91150.94268248812
93160.81354164938
95150.94738805389
99149.72325968413
101819.64386593224
104480.54220582977
105819.97812861149
109809.45844380384
113140.03464253862
114849.1357574005
117499.4241257091
119150.71676420842
121149.31776537528
123150.46970222132
125810.27444690098
127150.49204820134
129079.93719528621
130479.33412563236
133500.38443024075
135150.4592093571
137149.63294495543
138830.69025865925
140480.61309499343
143149.40914075775
145149.7493739123
147150.46408280634
149030.56809911123
151150.41966672795
154829.3827906096
156480.45544088283
159149.30837407502
