16759.79989665346
23759.038239524885
25459.548135189394
27089.330786850605
28450.74247936788
30799.63228208079
32430.854539740565
33779.11185024555
36129.162460633976
37759.527198470445
39340.95564840219
41460.818078272685
43090.92401527176
44449.26010183877
88429.15165206998
90420.81647002714
92130.27583310184
93759.68806631064
95350.29241882394
97459.59640397366
99620.61377396858
101090.8032897982
102799.56276314337
104430.2176357445
106009.37782356482
108130.78224228135
109759.46630668346
111350.88624046106
113469.15336142248
115089.21863138652
116679.60757364465
118799.7481073674
120429.11282172361
122010.92717994163
124129.52026887065
125759.55840688593
127349.97425717663
129470.54396170378
