12749.443895642635
22409.72929361752
24070.695038706017
25749.70442258853
27739.962562234523
29409.949879668566
31079.482199010446
33080.41158189936
34740.44441015403
36409.72715798447
37749.09129496604
40069.00738766053
41739.637208192726
43079.650834793094
44750.14883348783
47079.61498382103
49749.02113029552
51420.80996000074
53750.197137956704
55409.57531102277
57079.20962737885
58750.28322139994
60409.8038105835
61750.19911763988
65740.04115302907
67079.29292944584
69409.4829227912
71079.02299674203
73079.45731982021
75080.78252603069
76750.44116022903
78410.64831134203
80080.3026625331
81740.65860781464
83079.80832999204
85410.3563553066
87080.74474980752
88420.6165236913
90250.62290181348
92410.90531131167
93749.39738372897
95750.47727420807
97739.15001581275
99409.94271593698
101080.65600718015
103080.37649194038
104419.36536659405
106079.4824902901
107749.17997003789
109410.11728015411
111079.89123317519
113080.58071857144
114749.08445270894
116420.93328011666
118410.0415847167
119749.83925116487
121750.57839330896
123579.50867429125
132090.20331944217
