4280.63681955222
6889.555258500807
9500.646161896719
11459.002004292986
13089.549072164162
14720.767874947873
16350.143737982904
18309.320996706974
19939.778058255037
21570.923485444306
23529.430668509554
25149.592102968043
26790.012457914756
28739.319109011107
30369.24983630051
32000.69709617181
33960.99758094436
35589.88680861742
37220.719813629796
39179.05121702449
40799.1326240619
42759.321566272374
44390.5452071567
46019.50198498641
47649.29677431562
49610.954456605745
51240.3129698371
52870.8297092476
54830.01070075288
56460.55770539973
58089.36977242724
60050.013059893994
61669.03771539497
63309.788113848714
66890.8264825048
68850.36877229469
70800.51801198965
73410.47654414798
76020.2181637813
78629.22766443348
81239.51847147367
84499.2192276592
86130.73774389729
87760.82322869504
89390.92084857808
91350.04579864863
92979.87579651292
94610.02262139764
96569.12217793388
98200.06505667648
99830.3194887961
101790.56409299826
103410.74390662514
105369.38733083311
107000.46586016889
108630.47048979548
110259.44273338623
112220.83563807642
113849.10713610127
115479.15415230238
117440.29368266636
119070.60249244832
120700.54498663
122649.27590851863
124279.16531296809
125909.79131429522
127869.38414630995
129510.08559480727
131130.44672505098
133089.06610742773
135370.5506578123
137329.03396604807
139600.5010471631
141079.76881799128
142540.10167266027
145809.44242936393
