1380.4986797542658
6580.312880258254
9219.719311333914
10839.241482720461
12470.101638574799
14430.30444748717
16060.949404802415
17689.134986966437
19320.3745924194
20789.690493213184
22260.939191817808
23719.09426339107
25190.45360853933
26820.71081039289
28610.355635234115
30080.82431190598
31710.47015094058
33340.73341047851
35300.15695541995
36930.856158444
38559.76740571289
40520.175345621945
42150.78041963696
43779.47635197137
45730.597144992564
47689.38869311809
49319.61108071796
50949.362634249315
52579.408191367824
54210.96810410859
56170.316524280475
57799.872265549326
59429.12509500025
61060.994443802054
62530.00554704115
64000.58049626467
65460.67305454018
66930.466043888
68559.31692103168
70349.18117547139
71819.73605049595
73449.91166697672
75080.78252603069
76710.52590898568
78180.3562553411
79649.19760520686
81280.8138464465
82899.1022624972
84870.69477406901
86329.79591614459
88119.98294764862
90079.04986294027
91709.2180938648
93340.87915349369
95300.86084426312
96929.8488917884
98560.38265436202
100520.14815594022
102149.26983028417
103780.85304122206
105410.83119309197
107199.43611360715
108990.94141655245
110950.09899726644
112579.27823289612
114210.157978085
116169.92721642346
117799.58854030477
119430.30095819918
121390.75567877697
123019.98573614216
124640.16998045774
126279.76181727511
128069.79624066388
129860.15627068577
131820.90888314918
133450.44268528753
135080.82323896745
137040.5293023054
138669.47526745766
140299.0515890289
141930.08905724017
143399.83925740735
144860.69548219556
146820.9548410313
148620.39444669802
150079.46730533603
152040.69096046535
153830.89410209138
155300.1476234672
156930.19341508142
158560.60925187176
160190.05683939802
161659.54061780995
163129.8246241268
164760.39370159988
166380.353406291
168340.7407218706
169810.02865814746
171599.0943808107
173560.67594735653
175189.81094134005
176819.06264374085
180729.66891848636
183009.0153596312
184969.7974137057
186599.8730442836
188230.26170636193
190840.92890885135
192469.9778115686
194099.96225850293
196710.68857331065
198670.81976376454
200300.35300691306
202260.07396725888
204210.17426479125
205840.67922537887
207469.71776638317
209430.5355186528
211219.26956934805
212689.21272388185
214639.25475397558
216279.95985187535
217910.58231600508
219699.53236090427
225759.16825639206
227710.15362927178
229340.4093197501
