16889.339799024456
18710.89108207652
22159.089055878743
24799.463692163863
26119.18051223756
27439.396563948547
29419.12315767312
32709.90116501028
35350.90453385666
36670.97784471309
37990.43973848072
39970.78451273786
43260.61786929488
45900.10293371192
47880.579248141745
50360.29935189252
52159.78486950575
53809.41512231046
56450.98359870288
58430.67787883701
61069.742631302805
62709.40639262306
67000.2911212364
68979.0200258992
72270.96934145421
74249.13597738152
76229.68023010125
77549.82785582704
79530.40368389373
82170.3933888753
84140.8434202084
85460.80472521351
88099.3529684585
89420.43501043078
90740.24943520037
92059.28838278091
94689.71831599546
96009.69708087223
97330.90759560626
98650.5625280021
100630.61365400867
103920.802922439
105240.52921743997
