1219.3139824836906
2540.024085440886
4199.631339512894
9130.698922816215
10450.508921882703
13089.549072164162
14409.935817550504
15730.710201800415
17050.730334479565
19030.832109478055
21000.694465591998
22319.655877359943
23640.186005724303
24959.141882881577
26279.91038313055
27600.9920727159
29579.776043088357
30900.92036336535
32869.25685244562
34189.571066351884
35510.704464120834
36829.863671675776
38150.56164836856
40129.16289652749
42100.77112260134
43419.97892937722
44739.54534312635
46060.162419588654
48040.02284275408
49359.801757467954
51660.6226766533
53310.274633076384
54629.86491696662
55949.778646661165
57270.177317457106
58590.540197687566
59909.27142642308
62540.73267536506
63860.11091964919
65179.46400164394
66500.32493468613
67820.43380639766
69140.88163557756
71770.2252700236
73089.00406034768
74410.73150952168
75730.55243465374
78369.05288870665
80009.70607784885
81660.15612328073
83309.05440833907
84960.53466750994
86280.75339410586
87599.7391651818
91219.14019943989
92870.49329089092
94189.51930438397
96499.70534634616
98139.89027603141
100119.9517818047
101440.92914335456
103419.19847114246
104739.78439749173
106059.05305578379
108699.92583656826
110670.49812187512
111990.53472265413
113309.56279810783
114959.36626549033
117259.92626985186
118580.36767119095
120229.57776772148
121879.38459420174
123199.63261503447
124519.5828266046
125839.31279745705
127810.53688277597
129129.91162059955
130780.58699693784
132429.69707263156
133750.2029004209
135070.87062660477
136390.55443842427
138360.910411815
139680.15338660937
140999.2068818426
142319.46795925853
143640.1425425309
145619.39856168668
147589.80576919738
148909.8103000368
150230.7879763145
151550.1502680139
152869.33427492736
154190.88222447128
156169.54110564035
158140.1197802094
159460.1857144227
160779.41180652496
162100.88705277248
164079.56902591776
165399.42837360964
166720.57864764918
168690.03243697397
170009.62842448655
171330.4109288448
172980.7121408214
174630.27231090728
175949.5891859797
177269.26990340205
179240.40719684682
180560.0023664132
