11280.47633767079
12549.499461059248
14439.534699589516
16340.095067657136
21389.39712673133
23920.032368480268
26440.3688314339
27710.168265604272
29600.56789302413
31179.55060568589
32759.44662850344
34649.96516836593
36550.53152571585
40339.725295413125
42230.500005180984
44760.76948833973
46649.25142163711
47920.032918525365
49809.86177380387
51390.99488174124
52969.15726597108
54859.07586635806
56760.38003447754
61809.88990481543
64329.59201182904
65600.67347175223
67490.86231113772
70020.61895270263
71600.59696798488
73180.21156908924
75069.03082753363
76970.28238307849
82020.89336041243
84549.3862876705
87069.56346169063
88340.42646325343
90229.49450035517
91810.4047283964
93390.09565252459
95279.80076700807
97179.25257439006
102229.08787702219
103500.10375901517
105390.75399438065
107289.5983104491
109180.32500191467
111070.98875210322
112340.0402161699
114860.21520933721
116129.45383660833
118019.20306731324
120549.86050270121
122130.19179226022
