5410.041240640941
19860.13836100129
22949.990798450828
24749.313039412027
27349.518835351402
32330.107919648846
38270.89790684156
40169.64004047006
42950.80317275192
44750.14883348783
47349.81945579174
51700.04388789918
52950.170912537316
55160.392376842436
57250.115167242555
59199.50720140717
60690.10109859752
106079.4824902901
107949.65643100676
112950.66517266863
117949.85138563855
122640.41150680366
124829.73329878727
126080.47673444853
129830.73242057605
132049.82193681964
134829.40451223584
136080.39804488464
141020.79532957388
143569.64973884707
144830.5943207279
146389.9815579233
149199.7743770289
151080.0893511153
152330.70205362275
154199.49463012337
156080.11615522715
158579.65489863194
160140.26392451843
162329.12662718474
165170.2246916686
167640.210789835
169849.35765964777
171109.73497618787
173609.44318439192
175449.06695422455
177659.4828071917
179099.94124113943
180770.76147376464
192019.7232925453
194780.84906135776
197610.89012622833
