1149.3921905799446
2700.388297583428
4710.172676724922
6099.677241604825
7649.952554231367
9039.402801012084
10740.271988730943
12129.637739749667
13519.405524875912
15069.179485401031
16309.798675906062
17850.709487679444
19550.793440671492
20950.10005350105
22490.34400765336
23730.843083088264
24969.677169234903
26509.510587887176
27749.215193750533
28990.769137775875
30530.386618578435
31930.43227906255
33319.20542636258
34860.62727154369
36099.31126925335
37339.74804767836
38729.56814712595
39970.78451273786
41360.17352721663
42909.32015448799
44449.26010183877
45689.230139216415
47229.64824629814
48779.67172389228
50020.235970590526
52800.840197615165
54350.316174075204
56200.82297602895
58060.48992972915
59600.96580503428
61150.729714637295
62389.89854585738
64089.77011337338
65329.59941842249
66719.12291533321
68579.50268008966
70279.24993285704
71669.2940153714
73829.23276063119
75229.31967483537
76620.18543269958
79089.76790220894
80640.40245247648
82029.22589529755
83269.90590614904
84660.86733068293
86509.66465183604
88369.1690166206
90069.84910135873
91459.17015669108
92700.1737114471
93940.99989024267
95479.43190843004
97030.33481791597
98269.638549131
99969.08473265446
101360.82438392648
102910.36570458076
104909.47435442373
106310.73635868178
107849.7213960253
109089.56336741181
110329.88689406376
111720.91459459072
113420.40946792504
114810.68904950231
117749.83461987108
118989.14683021535
121149.31776537528
122849.3546417213
124249.2644852431
125789.05771459344
127338.9976244735
129189.26719526098
131050.05451640222
132290.30818124142
135999.52237321454
137540.22561308288
139090.48892393758
140329.88287336443
142179.00451138415
143419.0001852784
144659.26418174536
146510.01922531807
147749.9506985812
148990.48703499092
150840.2935922357
152389.6219256325
154400.2209390779
155789.46161922577
157339.71722293433
159350.96313335627
160740.46373452924
162289.30920317766
163679.25411425557
164919.6138306268
167330.8574131072
170050.1312211232
171689.13228994436
