928
1207
1811
2252
2600
3204
3436
4597
5456
6710
7407
7639
7941
8173
9079
9334
9566
9938
11284
11540
12144
12376
13583
14419
14651
16370
16625
17229
18343
18622
18901
19179
19435
19736
19992
20271
20572
20805
20967
21083
21362
21617
22221
23382
23614
23916
24520
24729
25449
25565
25820
26122
26702
26981
27306
27585
27863
28096
28421
28723
29001
29141
29535
29814
30023
30580
31207
31509
32368
32577
32879
33204
33483
33970
34272
34551
34806
35155
35689
36199
36826
36989
37407
37709
37918
38800
39079
39381
39938
40170
40518
41052
41331
42190
42446
42724
43281
43583
43862
44141
44419
44628
45557
45812
46114
46230
46672
46927
47252
47508
47670
48065
48227
48901
49110
49458
50015
50317
51153
51408
51826
52546
52802
53104
53382
53614
53963
54218
54450
56958
59210
61509
61788
62043
62926
63761
65410
65967
67407
67802
67941
68266
69102
69636
69915
70217
70472
70751
70890
70983
71888
72167
72399
72678
73003
73282
73584
73816
73978
74373
74698
74837
75070
75371
76045
76347
76649
76904
77229
78088
78297
78413
79156
79342
79412
79714
79830
80039
80526
80828
81130
81339
81711
81850
82570
82755
82918
83336
83661
83754
83940
84172
85031
85333
85867
86192
86308
86726
87307
88096
88421
88537
88677
89002
89489
89838
90093
90325
90650
90836
91533
91765
92345
92647
92879
93181
93738
93994
94319
94783
95155
95317
96014
96246
96687
97129
97361
97593
97964
98243
98499
98800
98917
99079
99358
99660
99892
100495
100704
100913
101192
101610
101842
102167
102748
102980
103282
103839
104141
104350
105000
105186
106091
106393
106649
106951
107229
107461
107787
107926
108274
108576
110271
110875
112547
112825
113081
113313
115078
115356
115914
116726
117005
117307
117562
119257
119838
121765
122067
122578
124040
124319
124876
125643
125991
126293
