6060
7453
8243
9009
10425
12585
14675
16973
17786
17972
18622
19133
19690
20247
20781
21315
21617
21873
22407
22941
23405
24032
24543
25170
25681
25983
26145
26493
26772
27353
27794
28421
28978
29535
30046
30348
30603
31161
31648
32252
32809
33343
33785
34388
34713
34946
35271
36571
37175
37709
38266
38754
39079
39311
39590
39868
40449
40727
40960
41517
42051
42631
42956
43119
43723
43978
44234
44791
45069
45209
45905
46439
46997
47275
47531
48042
48320
48576
49179
49435
49690
50224
50805
51362
51896
52964
53521
53800
54079
54613
55170
55704
56261
56726
57074
57353
57887
58165
58421
58978
59466
60070
60604
61184
61416
61672
62252
62531
62786
63297
63878
64388
64946
65271
65503
65782
66037
66571
66827
67152
67662
68266
68707
69358
69613
69822
70147
70356
70983
71262
71517
72074
72632
73166
73676
73978
74234
74814
75325
75604
75882
76440
76904
77531
78088
78367
78576
78901
79156
79714
79992
80248
80805
81339
81896
82407
82709
82872
83498
84079
84636
85124
85728
86262
86749
87074
87353
87841
88398
88932
89443
90070
90627
91138
91440
91602
92206
92786
93320
93855
94458
94992
95503
95805
96060
96339
96571
97152
97686
98266
98800
99334
99845
100170
100403
100960
101540
101819
102051
102608
103166
103723
104211
104791
105047
106440
106974
107531
108088
108622
109180
109412
109691
110248
110526
110782
111316
111757
112338
112732
112988
113545
113777
114056
114613
114892
115170
115705
116239
116703
117330
117910
118166
118398
118979
119234
119489
120023
120627
121115
121649
122763
123344
123623
123878
124412
124993
125480
126084
126339
126641
127129
127709
127965
128127
128801
129892
130449
130728
130937
131215
131494
132075
132353
132609
133120
133700
134234
134768
135070
135325
135859
136417
136719
136997
137531
138065
138623
139110
139435
139644
139969
140202
140805
141061
141316
141897
142454
142965
143522
143801
144033
144637
145171
145658
146262
146796
147260
147841
148166
148398
148677
148932
149536
149815
149931
150627
151161
151719
152206
152531
152764
153321
153901
154134
154389
154993
155527
156061
156618
156897
157152
157431
157663
158267
158522
158801
159335
159846
160449
160983
161239
161494
162075
162609
163166
163677
164281
164815
165349
166161
166417
166997
167508
168089
169087
169691
170759
171897
174080
