2136
4388
6362
6571
7267
8730
10913
13096
15255
17507
19597
20247
20503
20735
21617
21849
22128
22871
23498
23777
24566
24868
25100
25286
25658
25913
26192
26493
27028
27213
27840
28072
28398
29233
29466
30023
30325
30580
30882
31393
31555
32206
32507
33297
33576
33831
34133
34388
34690
34946
35247
35758
35898
36571
54590
54729
55100
55286
55635
55936
56192
56447
56656
56749
57004
57167
57539
57864
58119
58374
58653
58792
59094
59373
59652
60000
60302
60557
60813
60998
61393
61532
62229
62299
62624
63018
63181
63460
63715
64133
64365
64667
64946
65178
65387
65480
65735
65898
66571
66873
67105
67361
67662
67825
68197
68359
68661
69009
69311
69543
69729
70101
70263
70658
70936
71471
71749
72028
72167
72562
72817
73096
73398
73653
73909
74071
74466
74768
75023
75302
75836
76091
76393
76556
76950
77113
77461
77763
78019
78297
78483
78831
79133
79389
79667
79760
80224
80457
80759
80991
81293
81525
81827
82384
82639
82802
83197
83382
84033
84334
84543
84822
84985
85286
85635
85913
86192
86656
87005
87144
87539
87748
88119
88398
88677
88816
89187
89489
89768
90023
90209
90557
90859
91115
91277
91533
91904
92229
92461
92763
93297
93553
93762
94017
94296
94574
94923
95201
95480
95735
95875
96269
96455
96850
97129
97547
97918
98197
98754
99033
99288
99822
100101
100379
100635
100821
101494
101773
102005
102260
102492
102864
103096
103305
103653
104118
104466
104629
104745
105000
105139
105581
105859
106138
106277
106626
106951
107763
108019
108855
109133
109412
109946
110085
110480
110759
111061
111850
112129
112361
112941
113243
113499
113777
114311
114590
115379
115658
116448
116726
117307
117585
117864
118119
118561
118862
119489
119722
120581
120859
121092
121417
121672
121974
122206
122485
123042
123321
124389
125225
125457
126316
126571
126873
127686
128220
128499
129311
129590
129822
130124
130403
130705
130937
131192
131773
132028
132841
133120
133932
134188
134768
135000
135302
135558
136092
136254
136928
137160
138019
138228
138553
138855
139133
139412
139668
139923
140457
140759
141850
150674
153507
167485
170736
172942
176703
176936
177284
177446
177818
178097
178375
178631
178840
178932
179188
179350
179745
180024
180558
180860
181138
181301
181556
181812
182183
182485
182741
183019
183135
183298
183553
183693
184111
184389
184668
184807
185179
185295
185643
185875
186316
186549
186850
187083
187361
187524
187640
187942
188104
188499
188755
189033
189289
189590
189846
190008
190380
190635
190914
191193
191448
191727
191866
192284
192446
192586
192864
193004
193375
193677
193956
194234
194467
194722
195001
195279
195837
196092
196255
196649
196789
197485
198019
198275
198437
198739
199018
199366
199645
199947
200202
200481
200597
200991
201154
201572
201851
202106
202269
202408
202663
202826
203035
203337
203731
204010
204312
204544
204846
204962
205357
205519
205937
206216
206495
206750
207005
207214
207470
207725
208097
208375
208654
208933
209188
209327
209745
209908
210303
210581
211394
211673
211905
212091
212392
212741
213298
213414
213716
214087
214250
214947
215481
215736
215899
216200
216479
216711
217083
217663
217919
218035
218197
218453
218662
219312
219730
220101
220287
220566
220636
220798
221216
221495
222029
222284
222447
222563
222841
223004
223677
224211
224444
224629
224931
225187
225488
225837
226139
226394
226626
226789
227207
227323
227764
228043
228275
228461
229111
236472
253956
255396
