278
1323
3390
5479
8707
9729
10774
11865
12933
13978
16068
17136
19179
22360
25541
26586
27097
28699
35015
36014
37105
39172
41331
42097
42329
43398
44466
45487
47600
49760
50526
50805
51339
51826
52360
52918
53405
53707
53939
54474
54752
54961
55495
56076
56517
57121
57585
57887
58165
58676
58932
59234
59721
60023
60279
60813
61347
61811
62392
62902
63181
63367
63970
64226
64412
64946
65549
66014
66292
66594
67105
67337
67639
68127
68661
69172
69752
70240
70542
70797
71331
71540
71819
72283
72655
72864
73375
73955
74489
74721
75023
75534
75789
76045
76556
76834
77113
77624
78181
78645
78971
79226
79760
79992
80294
80735
81339
81850
84497
85031
85495
86006
86610
87121
87399
87655
88166
88444
88653
89187
89489
89721
90279
90790
91277
91556
91858
92368
92485
92810
93390
93715
93971
94481
95016
95550
95805
96060
96548
96827
97082
97616
97918
98150
98638
99242
99729
100008
100286
100797
101076
101331
101842
102074
102330
102887
103444
103932
104234
104489
105023
105232
105488
106068
106324
106602
107067
107554
108158
108344
108692
109226
109435
109760
110248
110550
110782
111270
111827
112291
112640
112918
113429
113708
113917
114474
114753
114985
115496
116076
116540
116866
117144
117655
119211
121324
122322
123437
124482
126595
127663
129753
130821
131866
132911
133955
135024
136045
137137
139203
140759
141293
142361
142895
143104
143452
143986
144497
145008
145519
146076
146587
147121
147307
147586
148166
148654
149211
149699
150233
151858
152392
152624
152880
153414
153971
154505
154760
154969
155527
155736
156014
156595
156874
157129
157593
158151
158708
158963
159219
159730
159939
160194
160751
161076
161332
161843
162377
162911
163166
163422
163932
164234
164466
165024
165279
165511
166022
166579
167090
167392
167648
168158
168414
168692
169180
169459
169761
170248
170782
171340
171595
171850
172384
172640
172872
173336
173685
173940
174497
174985
175519
175775
176076
176587
176796
177121
177632
177864
178166
178631
179234
179768
180024
180279
180790
181069
181278
181835
182114
182299
182857
183391
183925
184227
184505
185016
186595
188708
189776
190751
191843
192911
193979
195024
196022
197090
198135
199203
202385
203430
205543
207609
208700
211858
