1462
5317
8591
9218
13072
13978
16393
16973
20851
22035
24148
24682
28026
28583
31904
32902
33436
36780
37314
41192
46021
46532
46997
47484
48042
49040
49528
49992
50549
50735
50967
51525
52035
52244
52546
52848
53011
53521
53777
53986
54543
54868
55031
55565
56029
56679
57028
57492
58026
58258
58491
59025
59512
60023
61045
61532
62020
62159
63251
63390
63901
64040
64992
65433
66014
67012
67546
67988
68522
69032
69334
69520
69706
70031
70519
70960
71540
71772
72005
72539
72748
73003
73189
73537
73978
74280
74536
75000
75534
75627
76022
76532
76718
76974
77484
77786
78042
78251
79040
79528
79783
81037
83034
84033
84985
86029
87028
87539
87771
87980
89025
90975
92995
95039
97036
98034
99033
100031
105023
106997
107972
108530
108739
108994
110271
110968
111502
111804
112059
112361
112941
116262
116819
120697
124598
127895
128522
128754
129033
129451
130031
130496
130983
131239
131494
132028
132516
132771
132980
133421
133979
134466
134745
134977
135534
135674
136022
136277
136510
136742
137020
137206
137531
138019
138530
138785
138994
139505
139784
139969
140527
140759
140991
141502
141990
142500
142733
143011
143243
143383
143754
143986
145055
145519
146030
146517
147005
147214
147446
147678
148003
148538
149025
149513
150024
150511
151022
151254
151440
151695
151974
152531
152996
153530
154017
154505
155016
155504
156014
156502
157013
157524
158035
158522
158987
159521
160031
161053
161541
162028
162539
163027
163236
163514
163700
164025
164490
165024
165488
166022
166533
167021
167485
168019
168507
169018
169528
170016
170527
170991
171525
172013
172524
173011
173522
174033
174242
174497
175008
175217
175496
176007
176494
177237
177539
178027
178282
178515
179234
179513
180001
180279
180535
181510
182021
182276
182462
182880
183275
183507
183785
184528
185480
185968
186270
186525
186920
187268
187524
188035
188244
188522
188871
189265
189521
190032
190542
190914
191169
191494
191634
191889
192493
193538
194002
194536
194908
195233
195535
195999
196255
196533
196881
197532
198275
198530
198739
198925
199157
199529
199738
199900
200016
200550
201247
201502
202036
202245
202547
203221
203522
204033
204474
205241
205519
206030
206541
206913
207168
207516
207632
207888
208422
208933
212276
212625
212834
213205
214529
216154
216502
216688
217129
220032
220589
