255
3111
6919
7848
10727
11702
15975
23127
23591
25959
30720
31137
31648
32159
32624
33088
33552
34017
34249
34551
34969
35480
35967
36432
36896
37407
37848
37964
38289
38823
39288
39775
40240
40681
41192
41656
41912
42167
42608
43119
43583
44025
44535
45023
45511
45720
45952
46207
46439
46881
47391
47856
48367
48831
49272
49528
49783
50015
50247
50689
51176
51641
52175
52616
53104
53359
53545
53823
54079
54520
55008
55495
55983
56424
56912
57167
57399
61184
62159
62624
63065
63553
64040
64505
64760
65015
65457
65944
66409
66896
67407
67825
68359
68591
69311
69775
70263
70727
71215
71656
72144
72399
73073
73584
74071
74512
75023
75464
75975
76207
76393
76927
77392
77810
78320
78762
79272
79760
80015
80712
81153
81641
82105
82616
83080
83545
83777
84497
85008
85472
85960
86447
86889
87376
87632
91672
92601
93088
93576
94040
94505
94969
95248
95503
95944
96455
96873
97384
97872
98313
98824
99056
99265
99776
100217
100728
101146
101610
102167
102608
102794
103050
103560
104048
104489
104977
105488
105975
106440
106672
106904
107392
107856
108344
108808
109273
109760
110225
110503
110735
110968
111177
111687
112152
112616
113104
113568
114079
114288
114497
114776
115008
115496
115937
116401
116935
117400
117864
118119
118352
122136
123088
123553
124040
124528
124969
125457
125689
125968
126455
126850
127361
127825
128290
128777
129265
129544
129776
130263
130705
131215
131657
132098
132609
133120
133352
133561
134048
134489
135000
135418
135976
136417
136904
137160
137392
137880
138321
138832
139296
139714
140225
140689
140968
141641
142106
142616
143104
143568
144033
144497
144776
145449
145937
146425
146912
147377
147841
148305
148561
149281
149745
150233
150627
151231
151649
152183
152253
160240
163073
164025
170736
178352
