905
13397
14349
16579
17089
20340
22198
22662
23080
24729
24961
25843
26819
27654
28165
28653
29582
30232
30487
31416
32345
33227
33692
34156
35526
35758
36014
36501
37894
38800
39706
41331
41563
42446
43328
44303
44814
45278
46811
47113
47995
49876
50758
51710
52407
52639
53568
54497
55426
55867
56285
57724
57933
58165
58653
59025
60905
61416
61811
62809
63692
64644
65503
66478
66966
74791
77949
88653
89118
89559
91184
91416
92345
94110
94644
95085
96037
96943
97825
98800
99683
100147
100588
102051
102214
102469
102934
103352
104350
105232
106161
107113
107810
107996
108948
109830
110782
111270
111734
113336
113568
114474
115426
116331
117283
118166
118862
119095
120000
120952
121881
122276
122810
124180
124389
124644
125132
125527
126479
127338
127849
128336
129242
129962
130147
131123
132051
132934
133398
140341
141200
