1718
1834
2252
2763
3134
3413
3691
4690
5572
6501
7360
8243
8777
9264
9891
10193
12004
12979
13653
13908
14373
14582
14721
15766
16416
16671
17600
18483
19458
20108
20340
21037
21223
22221
23150
23591
24009
24961
26122
26819
27399
27747
29094
29582
31346
33204
34179
34667
35062
35572
36014
36501
36989
37407
37709
37825
38359
38638
38777
39264
39659
40216
40681
41099
41540
42004
42515
42887
43421
43862
44350
44837
45255
45743
46138
46648
47136
47600
48065
48529
48970
49435
49713
49830
50340
50782
51246
51757
52221
52477
52593
53104
53405
53545
54032
54427
54938
55426
55843
56354
56819
57121
57190
57655
58189
58676
59071
59535
60070
60464
60882
61463
61904
64690
73885
75743
79435
83127
88653
91393
93297
94226
94667
95132
95573
96060
96525
96803
96896
97454
97709
97848
99729
100170
100658
101099
101610
101958
102446
102980
103421
103909
104373
104791
105047
105302
105743
106184
106649
107136
107554
108019
108994
109412
109876
110364
110782
111223
111548
111757
112175
112616
113104
113522
114009
114474
114985
115426
115914
116378
116726
117214
117701
118189
119141
120952
122833
124180
124667
125132
125503
126014
126525
126989
127454
127918
128267
128824
129265
129753
130217
130681
131146
131610
132051
132516
132980
133398
133909
134373
134745
135279
135720
136161
136649
137090
137555
138019
138530
138994
139412
139853
140364
140829
141200
141757
142152
142686
143127
143592
143986
144520
144962
145449
146378
146750
147214
147748
148143
148654
149072
149420
150070
150465
150976
155109
156038
157199
157802
158824
159497
159730
160682
162052
162470
163166
163445
164025
164257
165279
165976
166208
167114
168019
168994
169644
169877
170573
170759
172686
173615
174521
175658
176819
178654
182323
182950
183275
183344
