46
464
1787
2113
2298
3715
4179
5549
6222
7151
7848
9241
11075
11563
12933
13142
13397
13630
14326
14791
15023
15116
15487
15673
16370
16834
16997
17298
17531
17740
18134
18436
18692
18877
19040
19342
20062
20549
20781
20921
21199
21571
21687
22058
22407
22616
22825
23080
23777
24032
24218
24450
24682
24891
25147
25820
26076
26284
26470
26749
27422
27956
28142
28305
28560
28932
29233
29512
29791
29953
30441
31161
31648
31857
32043
32322
32577
33158
33459
33715
33901
34133
35317
35503
35712
36014
36339
36873
37175
37337
37825
38545
39032
39241
39450
39682
40031
40565
40890
41099
41494
43398
45720
46184
46834
47577
48645
49435
49876
50039
50294
50991
51269
51826
52384
53127
53568
54218
54474
54961
56052
56819
57213
57422
57655
58374
58630
59118
59977
60859
61532
61811
62345
62809
63436
63645
64179
64621
64806
65526
65758
66501
67105
67407
67895
68313
68986
69195
69752
70193
70844
71053
71587
72005
72190
72910
73862
74280
74745
75697
76184
76602
77090
77299
77554
77995
78460
78947
79389
79644
79830
80294
80782
80991
81223
81687
82152
82639
83011
83336
83545
84474
84659
84868
85379
85844
86772
87028
87260
87446
88630
89025
89536
90255
90581
90882
91068
91370
91718
92252
92531
92786
93251
93878
94412
94528
94830
95085
95410
95944
96246
96455
96920
97593
98104
98313
98568
98777
98986
99636
100078
100565
101308
101796
101912
102237
102469
102748
103398
103839
104095
104304
105000
105256
105488
105697
105929
106161
106440
106997
107299
107554
107740
107972
108715
109157
109412
109574
109853
110178
110712
111014
111246
111432
111687
112384
112640
112872
113081
113313
113545
113824
114381
114938
115054
115333
116099
116564
116796
117005
117237
117516
120023
120465
121858
122113
122299
123692
123924
124203
125085
125294
125527
125968
127407
129195
131099
