975
1904
2739
3668
4574
4992
5456
6385
7035
7244
8150
9055
9520
9961
10890
11795
12701
13606
14489
16346
18111
20805
21455
21687
23521
24404
26238
27144
28444
28676
28908
29791
30278
30766
31184
31602
32554
33390
34806
35247
35898
36107
36989
37918
38405
38846
39775
40658
41122
41563
42260
42469
43351
44234
44721
45162
45627
46068
46556
46973
47809
48715
49203
49690
50340
50549
51455
52360
52848
53266
54195
55054
56006
56935
57794
58653
59094
59582
60070
60232
60487
60998
61416
62322
62763
63227
63669
63924
64133
64760
64969
65898
66803
67268
67546
67709
68638
69543
70008
70449
70867
71029
71354
72214
73096
74025
74930
75859
76765
78460
79203
79412
80341
81246
81711
82152
83080
83986
84892
85797
86146
86633
87562
87980
88468
88932
89350
89861
90279
91184
92090
92531
92995
93646
93855
94714
95689
96153
96571
97500
98406
99311
100217
101076
101935
102400
102957
103375
103630
103793
104304
104721
105581
105999
106974
107438
108088
108297
109203
109691
110039
110596
111014
111943
112779
113754
114706
115147
115542
116424
116842
117330
117794
118073
118236
119164
120023
120511
120952
121324
121672
121765
122508
122740
123623
124551
125039
125294
125457
126386
127291
127663
128197
128545
128847
129079
129985
130821
131796
132702
133584
134489
136301
136951
137160
138065
138971
139459
139877
140829
141641
142616
143522
144428
145287
145705
146169
146680
146842
147098
147609
148050
148863
149327
149838
150279
150743
151370
151579
152462
152926
153344
153878
154319
155271
156084
156618
157059
157965
158870
159730
160635
161100
161541
162470
163352
164281
165140
166951
168762
169668
