46
719
1416
2507
3343
4202
4342
4852
5897
6733
7639
8266
9357
9798
10193
10611
11075
11215
11470
11702
12353
12492
12747
13212
13560
14048
14489
14721
14883
15139
15789
16137
16346
16648
17043
17461
17670
17902
18111
18343
18506
19202
19388
19620
20085
20433
20897
21176
21362
21478
21710
21989
22569
22848
23080
23219
23382
23916
24264
24775
24915
25216
25425
26076
26261
26470
27306
27980
28490
28839
29466
29628
29884
30069
30371
30766
31184
31416
31579
31764
32066
32275
32925
33111
33320
33785
34179
34597
34899
34992
35340
35480
35712
36548
36757
36942
37221
37616
38034
38405
38614
38916
39032
39775
39938
40193
40658
41029
41470
41703
41842
42144
42306
42492
43212
43398
43607
43816
44071
44489
44907
45139
45348
45487
45789
45998
46625
46788
47043
47879
48320
48576
48785
48901
49133
49412
50039
50271
50503
50642
50828
51339
51757
51989
52152
52337
52639
52848
53661
53916
54752
55193
55635
56261
56912
57353
58212
58607
59071
59210
59466
59652
60325
60743
61231
61579
62043
62508
62624
62902
63135
63715
64156
64644
65062
65457
65875
66083
66571
67221
67593
68080
68429
68916
69334
69775
69915
70611
70844
71053
71494
71912
72330
72771
72910
73212
73421
74071
74443
74930
75348
75766
76184
76625
76834
77461
77879
78344
78785
79203
79598
79760
80085
80294
81339
82152
82848
83615
84567
84961
85635
86262
87144
87817
87957
88189
89025
89489
89745
89907
90163
90464
91184
91324
91602
91788
91974
92485
92879
93344
93483
93901
95039
95828
96293
96780
97430
98220
98475
99334
100147
100403
100844
101935
102794
