92
13769
13931
14442
14628
14837
15069
15278
15696
15952
16137
16370
16509
16950
17182
17438
17786
18088
18204
18692
18924
19156
19319
19551
19760
19899
20410
20665
20828
21292
21478
21617
21942
22128
23010
23196
23312
23823
24079
24288
24729
24938
25031
25356
25541
25774
26006
26099
26447
26633
27515
27678
27933
28119
28281
28467
28978
29210
29651
29837
30046
30209
30673
30859
31137
31509
31788
31927
32229
32391
32879
33088
33297
33483
33622
34133
34319
34551
34783
35015
35155
35387
35642
35851
36316
36501
36687
36919
37082
37314
37523
37802
39520
40356
41145
41865
42028
42678
43769
43978
44419
44628
44860
45278
45464
45720
45929
46138
46347
46509
46973
47182
47438
47763
47972
48274
48506
48692
48878
49063
49574
49760
50015
50410
50619
51083
51269
51478
51710
52152
52360
52593
53220
53452
54056
54288
54404
54729
54891
55147
55588
55727
56006
56401
56633
56842
57260
57469
57701
57840
58142
58351
59001
59234
59419
59652
59861
60070
60302
60696
60905
61045
61532
61788
61997
62206
62438
62670
62833
63274
63692
64342
64551
64969
65085
65410
65875
66060
66292
66525
66710
66919
67105
67546
67779
68382
82361
85797
89234
92624
99497
102028
102957
104211
105929
109807
110410
110666
110759
111270
111409
111734
111943
112105
112314
112593
112779
112988
113127
113429
113870
114079
114242
114520
114729
115170
115519
115728
116006
116378
116564
116842
117075
117283
117516
117632
117934
118143
118352
118584
118793
118979
119188
119420
119629
119838
119954
120256
120697
120906
121138
121370
121579
122020
122578
122810
123088
123297
123483
123715
123924
124157
124319
124482
124784
124946
125201
125434
125828
125991
126223
126455
126664
126850
127523
127802
128220
128429
128638
128870
129242
129474
129683
129938
130054
130287
130542
131006
131192
131448
131633
131819
132051
132284
132911
133143
133305
133537
133677
134002
134443
134652
134745
135070
135302
135720
136138
136324
136997
137137
138089
138716
139760
140178
140411
140620
140875
141270
141502
141711
142152
142361
142593
143197
143336
143661
143777
144079
144288
144729
144938
145078
145356
145542
145774
145983
146401
146610
147075
147260
147493
148096
148375
148793
149002
149141
149443
149606
149791
150047
150186
150418
150720
150836
151161
151370
151579
151788
151997
152415
152624
152833
153483
153692
154157
154296
154575
154946
155202
155434
155643
155852
156061
156223
156479
156688
156897
157152
157477
157779
157965
158220
158429
158661
159265
159474
160124
160333
160751
160960
161216
161425
161796
162075
162284
162934
163120
163770
164420
171525
