46
3366
6687
10007
13351
13769
14164
14605
15023
15418
15859
16695
17089
17368
17507
17949
18274
18761
19179
19945
20433
20805
21269
22105
22523
23289
23754
24055
24171
24613
26679
26935
27074
27353
27515
27933
28746
29141
30023
30418
30627
30859
31230
31950
32066
32507
32949
33181
33297
33529
33738
33947
34179
34597
34853
35247
35410
35828
36617
37082
37314
37523
37918
38614
38730
39172
39613
39845
39984
40286
40379
40681
40797
41099
41261
41447
41888
42074
42515
42933
43305
43769
44001
44164
44605
45395
45859
46509
46695
46857
47066
47368
47484
47763
47879
48181
48552
48761
49156
49597
49853
49969
50410
50596
50851
51269
52105
52523
53336
53754
54148
54613
55008
55426
55797
56633
57097
57376
57515
57933
58769
59187
60023
60441
60836
61277
61695
62090
62461
63297
63738
64017
64179
64597
65015
65433
65851
66618
67105
67477
67941
68359
68777
69125
69961
70402
70681
70844
71262
71610
72097
72469
73282
73723
74141
74605
75023
75441
75859
76602
77067
77368
77484
77926
80015
80433
80689
80851
81269
82082
82523
83359
83568
83777
84033
84125
84427
84590
84845
85286
85402
85797
86285
86517
86633
87051
87330
87492
87933
88769
89187
90000
90418
90697
90859
91254
91533
91904
92090
92461
92949
93181
93297
93576
93762
94017
94156
94598
95248
95410
95805
96269
96618
97105
97314
97523
97941
98568
98777
99125
99613
99845
99961
100263
100379
100681
100844
101099
101262
101517
101912
102098
102516
103305
103769
104025
104187
104605
105372
105790
106277
106509
113313
114033
114195
114451
114567
114845
115287
115379
115681
115867
116099
116215
116517
116633
116889
117075
117330
117446
117725
117934
118119
118607
118746
118979
119164
120023
120418
120790
121277
121463
121904
122044
122485
122949
123181
123274
123530
123739
124017
124180
124435
124575
125434
125852
126664
127082
127500
127895
128592
128754
129126
129428
129613
129845
129985
130194
130403
130681
130844
131099
131262
131517
131912
132051
132516
133352
133746
134188
134606
135441
135859
136649
136881
137090
137369
137462
137763
137903
138135
138576
138762
139180
139598
139853
139946
140434
140852
141270
142106
142524
143360
143568
143754
144010
144149
144428
144590
144846
145240
145380
145844
146262
146517
146657
147028
147516
147934
150000
151231
153344
156665
159962
