3297
4040
4179
4551
5108
8986
12027
12887
13606
14698
18413
18575
18715
19063
19249
19481
21617
22082
22500
23219
23382
23730
24334
27910
28026
28212
28398
28630
28815
29094
31230
32113
32856
33877
45023
45325
45603
45929
48042
48483
48947
49992
50131
50294
50433
50735
52825
54636
54938
55217
55542
56285
57631
58073
64226
64528
64806
65131
69636
74141
74419
80085
81014
81293
81618
82059
82221
82477
82941
83127
83429
83591
83731
83986
84892
85797
86099
86238
86889
87190
87307
87585
87771
87887
88073
88212
88514
88700
88839
89698
90186
90279
90627
91207
91672
91811
92090
92577
92717
93019
93181
93320
93646
94481
95248
95410
95712
95851
96432
96780
96896
97175
97384
97477
97686
97825
98127
98429
101447
102167
102608
102794
102934
103212
105047
105441
106393
106533
106835
107136
107229
107438
107740
108924
109830
110410
111014
111780
111943
112523
113731
122438
122740
132028
132330
137717
