2577
4226
6780
9334
11006
13537
13978
14396
14791
15209
15464
15673
16091
16486
16904
17322
17763
18204
18622
18854
19017
19458
19853
20317
20526
20712
21130
21548
21989
22267
22430
22848
23243
23661
24125
24543
24938
25379
25658
25774
26215
26633
27074
27306
27469
27910
28328
28769
28862
29141
29582
30000
30441
30882
31254
31718
32136
32391
32531
32949
33367
33831
34086
34226
34644
35085
35526
35805
35944
36339
36757
37198
37639
38057
38475
38870
39125
39288
39752
40147
40588
40843
40983
41424
41842
42260
42562
42678
43096
43514
43978
44373
44791
45209
45650
45905
46091
46509
46904
47159
47345
47600
47740
48204
48599
49017
49319
49435
49853
50271
50712
51153
51548
51989
52407
52523
54938
55379
55797
56238
56656
57028
57469
57910
58328
58746
59164
59582
60000
60441
60743
61138
61300
61718
62136
62554
63413
63808
64226
64690
65062
65526
65921
66362
66757
67175
67639
67895
68011
68475
68893
69311
70170
70565
70983
71447
71842
72283
72701
73119
73537
73978
74396
74559
74791
75209
75650
76091
76509
76927
77322
77740
78181
78622
79040
79458
81966
82407
82825
83127
83243
83661
84079
84520
84961
85356
85774
86215
86494
86656
87074
87469
87724
87910
88142
88305
88769
89164
89582
90000
90441
90836
91277
91718
92113
92554
92949
93204
93413
93808
94249
94667
94946
95062
95503
95921
96362
96641
96757
97221
97593
98057
98452
98870
99288
99729
100008
100170
100588
100983
101447
101680
101819
102260
102701
103119
103398
103560
103955
104350
104791
105232
105627
106091
106486
108622
109040
109458
109876
110735
111130
111548
111989
112407
112848
113243
113684
114102
114520
114822
115217
115379
115797
116215
116657
117492
117887
118305
118770
119188
119605
120000
120441
120859
121254
121719
121974
122113
122554
122996
123414
123832
124249
124644
125062
125527
125921
126362
126780
127198
127616
128058
128476
128754
128870
129288
129753
130171
130589
131006
131401
131866
132260
132702
133120
133537
138576
