6640
8266
14024
20572
22221
23870
25541
26331
27167
28815
30418
31695
32113
32902
33738
34179
34551
35387
35689
35758
37035
38521
39079
39311
39497
40309
40983
41563
41633
41819
42399
42794
43607
45093
45905
46045
46741
46834
47206
47577
47717
48158
48390
48483
48831
49133
49365
49806
50039
50131
50480
50874
50967
51408
51664
51803
52662
53336
53429
53754
54148
54265
54659
55124
55402
55751
55913
56354
56633
56726
57004
57330
57515
57980
58398
58816
58978
59234
60023
60418
60882
61254
61648
61974
62113
62902
63181
63320
63483
63761
64133
64365
64551
64969
65248
65642
65805
66200
66455
66594
66989
67407
67848
68266
68498
69102
69450
69683
70124
70286
70611
70751
70960
71122
71424
71749
72260
73189
73630
74025
74419
74837
75232
75673
76022
76486
76927
77322
77717
78111
78413
78506
78971
79760
80155
80596
80991
81409
82221
83034
83498
83847
84265
85077
86355
87121
87516
88003
88793
89629
90325
91277
92113
92926
94133
94505
95387
96130
96896
98661
100310
101122
103537
104443
104814
105093
105279
106091
107694
