69
417
743
2298
2693
2925
3088
3297
3459
3715
3900
4109
4249
4551
4690
4852
5061
5317
5712
5874
6176
6269
6548
6919
7128
7314
7476
7778
7894
8103
8289
8521
8707
8916
9125
9311
9520
9798
9938
10147
10309
10588
10727
11029
11168
11354
11772
12190
12399
12608
13003
13212
13397
13630
13815
13978
14164
14442
14651
14860
15046
15209
15418
15580
15812
16044
16207
16695
16857
17066
17229
17461
17693
17879
18274
18692
19086
19504
19922
20131
20271
20758
20874
21106
21339
21548
21803
21896
22058
22337
22778
23173
23336
23545
23707
24009
24125
24357
24589
24752
25147
25356
25588
25983
26401
26633
26795
26981
27237
27376
27631
28026
28189
28398
28583
28792
29210
29605
30046
30627
31254
31672
32043
32507
32879
33250
33483
34040
34249
34504
34783
34853
35085
35294
35735
36130
36501
36757
36919
37175
37360
37732
38127
38336
38545
38916
39381
39752
40402
40542
40983
41099
41377
41610
41749
42237
43816
44489
45464
46254
46997
48599
48715
48994
49412
50178
50340
50619
51014
51130
51966
52639
53336
53568
53963
54102
54590
54706
55170
55611
55983
56656
56796
57213
57608
57840
58003
58398
58816
59025
59234
59884
60070
60464
60859
60998
61254
61672
62090
62484
62926
63042
63297
63460
63692
64087
64296
64505
64853
65317
65433
65712
66362
66525
66710
66943
67337
67732
68150
68545
68754
68963
69636
69775
70170
70588
70751
70983
71401
71796
72190
72748
73049
73444
73816
74001
74234
74628
75070
75232
75441
75627
76022
76254
76672
77067
77461
77902
78274
78506
78692
79481
79923
80317
80457
80689
81130
81548
81943
82593
82755
83150
83545
83707
83940
84358
84776
85077
85890
86006
86285
86796
87167
87585
88003
88328
88978
89257
89629
90046
90441
90836
91254
91556
92368
92485
92879
93274
93692
93994
94481
94807
95480
95735
96107
96525
97361
97709
98127
98290
98963
99381
99729
99961
100333
100588
100983
101355
101842
102028
102167
102585
103003
103189
103839
104234
104536
104605
104768
105186
105465
105859
105975
106231
106463
106626
107043
107879
108460
108622
109087
109482
110341
110666
111107
111293
111687
111873
112361
112616
112709
112872
113568
113986
114335
114544
115194
115565
115960
116169
116819
117585
118236
118375
118793
118979
119211
119443
119582
120047
120418
120859
121440
122067
122462
122856
123321
123715
124110
124900
125341
125689
125898
126107
126548
126966
127315
127988
128174
128522
128940
129335
129776
130171
130542
131215
131401
131773
131959
132167
132400
132562
133050
133398
133816
134373
135047
135418
135813
136231
136626
137090
137856
138251
138646
138878
139064
139505
139946
140271
140945
141107
141502
141897
142315
142779
143151
143522
144103
144381
144753
144892
145147
145403
145542
