46
743
1184
2391
3157
3784
3947
5572
6362
7151
7592
8800
9636
10193
10402
10820
12027
12445
13653
14419
15000
15232
16834
17623
18436
20062
21501
21664
23312
23707
24891
25681
26284
26517
28096
28885
29721
31323
32113
32763
32925
34528
35990
36130
36966
37593
37755
38591
39195
39404
39799
40774
40890
41703
42608
43003
44187
44930
45627
45812
46230
47415
48251
49063
50619
51408
52268
53847
54474
55426
56912
57074
57887
58491
58676
59118
59443
60696
61486
62299
62717
63901
64714
65340
65503
67105
67941
68754
69125
70356
71099
71958
74210
75116
75604
75975
76347
77183
77577
78367
78994
79203
79551
80341
80782
81548
82198
82384
83220
83800
84009
84799
85426
85611
86029
86796
87167
88003
88839
89257
89652
90023
90372
91254
91834
92020
92833
93437
93646
94040
95248
95689
96455
96896
97686
98429
98870
99683
100078
100890
101517
101703
102492
103096
103305
104095
104907
105325
106138
106533
107299
107949
108112
108530
108901
109319
109760
110132
110944
111362
112152
112523
112988
113336
114172
114590
114961
115310
115728
115960
116192
116564
116982
117585
117794
118166
118537
118955
119164
119420
119768
120604
120952
121417
121765
122160
122624
122972
123437
123785
124180
124598
124969
125457
125619
125852
126618
127245
127454
127825
128197
128615
129056
129428
129845
130217
130449
130635
131030
131448
131819
132284
132655
133027
133468
133886
134652
135047
135256
135488
135859
136277
136742
136881
137090
137462
137717
138251
138716
139087
140155
140898
