46
789
1625
2391
3227
4017
4852
5619
6408
7244
8800
10402
12004
12933
13630
15232
16021
16625
16788
17925
18227
18436
18808
19202
19644
19853
19945
20828
21640
22430
23034
23196
24334
24822
25611
26261
26377
27747
28026
28839
29442
29605
30720
31045
31137
31602
31973
32438
32624
32786
34435
35224
35805
36037
37128
37639
51200
51989
52802
53638
54427
55217
56842
58374
60000
61602
63227
64806
65573
66432
67198
68011
69636
70402
71053
71192
72330
72632
72840
73560
74025
74257
74396
75743
76022
76834
77461
77577
78019
78738
79226
79644
80642
80805
82152
82430
83220
83847
84033
84845
85124
85426
85635
86006
86424
86796
87028
87214
88839
89605
90255
90418
91115
91533
92043
93994
95225
96664
96803
97941
98220
98429
98824
99218
99845
99985
100844
101633
102423
103050
103235
103607
104327
104838
105604
106208
106440
108019
108785
109458
109598
110735
111246
112663
112825
114149
114427
115194
116030
117121
117632
118421
118979
119234
120836
121579
122229
122345
123553
123832
124040
124435
124830
125201
125457
125596
126061
126432
126618
126989
127152
128034
128638
128824
129242
129660
129822
129938
130217
130426
130821
131215
131842
131982
132957
133328
133630
134420
134838
135024
135233
135650
136022
136231
136347
136626
136835
137229
137624
138019
138251
138344
139250
139435
139853
139923
140805
141246
141455
141595
142013
142640
142756
143058
143313
143917
144428
