2693
3250
3808
4667
5572
6385
7035
7801
8753
9125
9357
9566
10193
11029
12004
12794
13397
13653
14257
14349
15812
16044
16625
17438
17623
18343
18784
19156
19829
20433
20665
20851
21524
21664
21966
22407
23057
23870
24032
24822
25588
26261
26401
27051
27260
28049
28815
29466
29628
30418
31277
32066
32624
32856
33645
34458
35224
35851
36037
36850
37546
38405
39032
39241
40054
40843
41401
41633
42260
42376
43212
44001
44814
45418
45603
46393
47136
47252
48018
48645
48854
49435
49621
50387
51176
51826
52012
54450
55263
55635
56052
56285
56378
56865
57469
57678
58444
59257
59466
59582
60070
60836
61648
62020
62206
62833
63274
63785
63994
64830
65248
65433
66060
66455
67059
67244
68034
68452
68800
69056
69172
69683
70263
70379
70820
71238
72051
72353
72840
73630
74443
74861
75070
75209
75627
76022
76231
76463
76811
77601
78019
78228
78854
79249
80062
80851
81618
81827
81989
82477
83057
83266
83638
84033
84822
85263
85588
86447
86842
87051
87260
87632
88444
88862
89187
89420
89605
90418
90790
91649
92043
92461
92647
92763
93646
94389
94667
94876
95132
95666
95875
96060
96827
97198
98081
98452
99265
99660
99822
100008
100472
101262
101656
102260
102400
103003
103259
104443
104861
105650
106463
106881
107252
107461
107578
108065
108413
108646
108808
109621
110457
110852
111270
112036
112848
113197
113452
114033
114474
115217
115472
116053
116424
116657
117260
117632
118166
118444
119257
119652
120000
120256
120395
120883
121463
121626
122044
122229
122392
123181
123576
124017
124853
125619
126061
126246
126827
127245
127431
127988
128801
129242
129428
129660
130054
130449
132028
133607
134373
136788
137137
137392
139946
140805
142361
144056
144381
144846
145589
145844
145983
146401
147609
148050
148445
148677
149281
149513
149652
150442
150767
151231
152369
152810
153437
153576
154459
155643
156061
156665
156850
157640
158383
158638
158847
159265
159660
159846
159985
160821
161657
161866
161982
162470
163236
164048
164443
164652
165233
165674
166231
166417
166672
167578
167810
170457
171247
171479
171665
172059
172640
172826
173592
174381
174846
175194
176053
176843
177261
177470
178027
178445
178863
179258
180047
180395
180651
181254
181649
182253
182462
183251
183994
184250
184459
184807
185457
185597
186456
187570
188035
188847
189242
189405
189660
190055
190264
190450
190775
191216
191425
192029
192841
193236
193468
194420
195047
195256
195651
196022
196835
196998
197183
197601
198368
198786
199180
199598
200457
200829
201642
201967
202431
202826
203035
203197
203639
204033
204637
204800
205055
205659
206030
206216
206425
206843
207261
207841
210349
211162
213577
213925
214180
214389
216781
217570
220612
220821
223097
223608
226301
226440
229622
230411
231897
234684
235427
