22453
24868
25031
25611
26076
26238
26470
26865
27213
27678
27887
28026
28444
28815
29280
29373
29675
30069
30371
30859
31045
31207
31672
31834
32066
32438
32624
32833
33250
33390
33552
34063
34272
34411
34876
35224
35689
36037
36455
36803
37291
37662
38080
38196
38475
38870
39264
39659
39845
40077
40472
40681
40843
41261
41610
42074
42283
42469
42864
43235
43653
43862
44071
44466
44628
44860
45255
45487
45627
46068
46277
46416
46881
47066
47252
47624
48018
48483
48808
49272
50456
50549
51223
51687
52035
52477
52616
52871
53196
53638
54079
54474
54822
55263
55658
56029
56424
56679
56865
57260
57376
57678
58026
58467
58885
59071
59257
59675
60070
60487
60859
61277
61440
61625
62020
62415
62879
63065
63274
63669
63761
64063
64435
64644
64830
65248
65480
65666
66014
66432
66803
67175
67686
68011
68475
68823
69288
69474
69659
70054
70286
70472
70820
71238
71680
71796
72051
72469
72817
73258
73630
74071
74234
74443
74837
75232
75604
75882
76068
76440
89652
90882
92856
96084
97268
98081
99242
100449
101656
101819
102446
102841
103259
103677
103839
104002
104466
104675
104838
105256
105627
106045
106277
106463
106858
107183
107601
107856
108019
108483
108646
108878
109273
109482
109667
110062
110178
110364
110782
111014
111246
111687
112013
112477
112686
112872
113243
113661
114079
114195
114474
114845
115263
115658
116076
116471
116657
116773
117283
117469
117655
118050
118839
119071
119211
119652
120047
120465
120674
120813
121277
121486
121672
122044
122438
122880
123065
123228
123599
124040
124482
124830
125225
125619
126084
127268
127431
128034
128383
128661
128847
129265
129474
129637
129892
130008
130287
130426
130867
131262
131657
132075
132469
132771
133282
133468
133677
134048
134466
134838
135233
135650
135859
136068
136486
136858
137276
137624
138019
138460
138878
139226
139598
140016
140457
140620
140852
141223
141641
142082
142222
142454
142825
143174
143661
143986
144404
144660
144869
145217
145612
146076
146169
146471
146842
147260
147609
148027
148491
148677
148839
149281
149652
150070
150465
150813
151022
151208
151672
152021
152439
152671
152880
153251
