1346
3366
7244
15023
15394
15487
16370
16648
17136
17484
17949
18250
18622
19435
19783
20247
20619
21083
21385
21757
22616
22964
23382
23754
24125
24543
24915
25750
25867
26517
26679
28467
28908
29233
29698
30046
30394
30812
31161
32066
32345
32809
32995
33134
33552
33831
34365
35131
35503
35921
36246
36757
37059
37453
37871
38289
38638
39079
39241
39822
40147
40588
41470
41772
42237
42585
43049
43351
43769
44535
44884
45371
45557
45673
46184
46509
46904
47717
48042
48483
48808
49319
49597
49992
50851
50967
51617
51826
53568
61393
66478
68847
71471
78622
79063
79389
79876
80224
80689
81014
81362
82268
82523
82988
83313
83824
84149
84567
85333
85658
86122
86285
86447
86865
87283
87655
88491
88746
89280
89443
90023
90395
90790
91579
91951
92415
92740
93228
93553
93901
94807
95062
95526
95921
96386
96687
97105
97872
98243
98684
99009
99520
99822
100194
100612
101053
101285
101819
102005
103746
104211
104489
104977
105325
106091
106463
107229
107531
108112
108460
108924
109249
109667
110434
110805
111223
111595
112059
112338
112756
113592
113847
114381
114544
115124
115449
115867
116749
117075
117516
117887
118352
118653
119071
119907
120186
120650
120766
120975
121393
121811
122206
122996
123367
123762
124110
124598
124900
125294
125689
126130
126479
126920
127036
128847
129311
129637
130078
130426
131215
131610
132330
132748
133189
133537
134025
134350
134745
135558
135883
136324
136695
137160
137415
137833
138669
138878
139482
139644
140294
140596
140968
141850
142175
142593
143754
144172
145310
145751
146842
147307
148120
148445
150000
