92
12376
12747
13119
13908
14303
14698
15441
15812
16230
16625
16973
17345
17763
18158
18529
18645
18877
19319
20038
20456
20851
21594
21989
22384
22755
23127
23521
23893
24682
25077
25472
26215
26586
26981
27747
28142
28537
29280
29698
30069
30836
30975
31137
31579
31950
32368
32740
33134
33901
35433
36223
37012
37128
37337
37732
38127
38545
38939
39288
40054
40425
40843
41586
41958
42376
43142
43281
43444
43932
44675
45069
45441
46207
46602
46997
47786
48158
48274
48552
48854
49319
49667
50039
50828
51246
51594
52360
52755
53150
53498
53893
54288
54706
55008
55449
55588
55751
56238
57004
57399
57771
58142
58514
59326
59675
60464
60836
61207
61974
62392
62763
63135
63553
63924
64667
65085
65294
65851
66223
66618
67012
67755
67918
68127
68522
69288
69659
70054
70472
70844
71238
71610
72376
73212
73932
74303
74698
75441
75836
76231
76579
76974
77345
77786
78529
78901
79319
79714
80062
80201
80433
80851
81594
81989
82384
82732
83127
83498
83870
84311
84706
85077
85472
86981
87748
88166
88537
89280
89698
90093
90859
91207
91625
92020
92206
92368
92508
92670
93135
93553
93901
94319
94690
95062
95480
95666
95805
96223
96618
96966
97338
97779
97988
98522
98847
99311
100078
100426
100844
101587
102005
102400
103119
103514
103932
104513
104675
104814
105000
105441
106208
106626
106997
107392
107787
108112
108553
108948
109296
109667
110039
110457
110643
110828
111246
111595
112384
112732
113150
113917
114265
114706
115472
116146
117005
117330
117748
