69
371
8289
12538
12817
13096
13397
13537
14187
14303
14558
15069
15232
15418
15603
15812
16393
16695
16880
17089
17461
18018
18413
18575
18761
19156
19295
19667
19945
20317
20805
21223
21408
21710
22198
22407
22894
23196
23312
23661
23823
24427
24659
25147
25565
26099
26284
26563
26679
26911
27376
27608
28072
28514
28885
29048
29303
29559
29698
29930
30255
31416
31811
32275
32577
32902
33343
33692
33808
34202
34388
34528
34667
34899
35085
35317
35944
36757
36989
37384
37894
38173
38312
38916
39450
39520
39775
40867
41006
41261
41563
41772
42074
42213
42399
42655
43142
43537
44280
44675
44837
45673
45789
46161
46347
46509
47624
47925
48042
48274
48390
49435
49690
49876
50573
50782
51176
51780
52128
52569
52871
53313
53545
54148
54357
55170
55542
56029
56331
56656
56796
57678
58119
58398
58560
58862
59025
59326
59698
60302
60813
61068
61416
61556
62183
62577
62926
63158
63413
63785
64179
64505
64690
64922
65062
65294
65666
65991
66385
66594
67152
67686
67825
68336
68661
69683
69822
70124
70402
71262
71540
71819
73398
73653
74025
74187
74605
74791
74930
75162
75650
75813
76091
76556
77299
77554
78019
78274
78390
79156
80294
80666
80921
81084
81246
81641
81827
82152
82407
82895
83104
83498
83707
83963
84358
84659
84776
85077
85333
95294
96409
97291
97570
97941
98173
98290
98638
98917
99009
99358
99776
100147
100519
101099
101308
101865
102028
102771
103166
103421
103560
103932
104141
104304
105441
105743
106161
106533
106904
107136
107833
108437
108785
109574
109923
110248
110503
111780
112129
112523
113313
113522
113754
114056
114451
115147
116076
116285
117771
118537
118909
119280
119907
120766
121556
121904
122299
122880
