46
2995
9032
15023
17949
20990
23986
24729
25332
25890
26215
27028
27771
28328
28862
29280
30023
30696
31323
31904
32275
32995
33715
34295
34853
35224
35921
36710
37314
37871
38266
39009
39752
40890
41238
42028
42701
43328
43885
44280
45000
45743
46323
47229
48692
49133
49249
49458
49713
50201
50782
51014
51385
51757
51966
52152
52291
52523
52709
52895
53266
53614
53754
54009
54334
54752
54961
55100
55333
55518
55727
56238
56447
56656
56796
57004
57399
57771
57980
58096
58282
58700
58885
59210
59837
60023
60325
60696
60952
61114
61323
61532
61695
62183
62740
62972
63320
63692
63924
64110
64319
64714
65271
65619
65828
66014
66409
66710
66919
67128
67337
67523
67662
68266
68754
68986
69404
70286
72748
73328
74280
74814
75023
75395
75743
76115
76300
76881
77276
77647
77833
78019
78344
78715
78901
79133
79342
79667
80271
80619
80805
81014
81293
81687
82291
83197
83824
83963
84311
84752
84892
85147
85286
85519
85890
86262
86819
87028
87399
87771
88119
88305
88909
89257
89652
89838
90023
90325
90697
91115
91324
91533
91625
91904
92276
92624
92786
93390
93762
94110
94505
94899
95248
95642
96014
96757
97129
97291
97663
97872
98266
98824
99009
99404
99752
99915
100124
100333
100821
101192
101610
101749
102028
102330
102771
102910
103119
103328
103514
103909
104257
104559
104791
105023
105395
105697
106324
106858
107276
107833
108019
108321
108762
108924
109133
109319
109714
110271
110828
111014
111316
111757
111896
112338
112686
113220
113615
113800
114009
114404
114729
114892
115101
115333
115519
115728
115890
116262
116819
117028
117400
117748
118305
119280
121138
122276
122810
123019
123321
124110
124319
125271
125643
125828
125968
126339
126780
126873
127106
127315
127523
127686
128267
128847
128940
130310
131215
131819
132400
132771
132957
133143
133328
133468
133654
134280
134815
134954
135349
135767
135976
136115
136254
136510
136695
136835
137276
137647
137833
138344
138716
138948
139087
139342
139528
139668
140248
140666
140782
140968
141386
141734
142106
142477
142895
143243
143638
