46
185
371
743
1137
1486
1695
1927
2298
2623
2902
3250
3366
3808
4133
4481
4643
4922
5224
5619
6013
6246
6362
6733
7105
7476
7685
7848
8243
8591
9009
9241
9357
9752
10100
10472
10681
10913
11284
11633
12027
12260
12376
12724
13119
13490
13676
13908
14233
14628
15000
15255
15371
15743
16114
16486
16695
16904
17298
18366
18692
19110
19458
19644
19899
20247
20619
21014
21153
21362
21733
22128
22476
22709
22918
23243
23614
23986
24241
24357
24706
25123
25472
25704
25843
26099
26261
26633
27004
27213
27353
27794
28142
28490
28653
28932
29233
29628
30023
30255
30371
30696
31137
31532
31672
31857
32275
32577
33018
33134
33343
33715
34086
34481
34713
34922
35224
35642
36037
36153
36362
36733
37105
37477
37639
37848
38289
38591
39009
39218
39357
39752
40124
40495
40704
40843
41261
41633
42028
42167
42376
42724
43119
43467
43723
43908
44280
44628
45000
45162
45348
45743
46138
46463
46648
46927
47252
47647
47902
48158
48343
48715
49110
49481
49713
49899
50085
50271
50642
50991
51153
51339
51734
52105
52453
52686
52848
53266
53614
55913
56285
57028
57283
58909
60023
60395
61904
62275
62995
63297
64899
66037
66385
67895
68289
68986
69288
70565
70844
71633
71958
73839
74257
75023
76904
77995
78390
79899
80271
80967
82546
82918
83684
83986
84334
85890
86262
87028
87307
88909
90046
90372
91904
92276
93019
93297
94551
94876
95921
96362
97895
98266
99009
99288
100844
102028
102353
102725
103096
103491
103653
103886
104234
104582
104977
105743
106115
106486
106695
106835
107252
107601
107903
108042
108367
108808
109087
109482
109691
109900
110248
110619
110991
111804
112129
112477
112686
112848
113220
113615
113917
114149
114358
114706
115101
115472
115635
115914
116285
116610
117005
117725
118096
118468
118839
119257
119629
119907
120140
120743
121138
121486
121672
121904
122229
122601
122996
123808
124133
124482
124644
124900
125248
125619
125898
126037
126362
126664
127129
127477
127640
127849
128267
128638
129010
129265
129404
129753
130124
130472
130705
130844
131239
131633
131912
132353
132725
133096
133468
133677
133909
134257
134582
135000
135256
135372
135697
136115
136486
136695
136835
137253
137601
137903
138019
138251
138367
138692
139087
139482
139644
139900
140271
140620
140991
141154
141711
142106
142477
142663
142849
143267
143638
143917
144358
144753
145124
145473
145658
145914
146076
146262
146587
147005
147400
147748
148143
148491
148654
148909
149234
149629
149908
150256
150372
151138
152276
152647
153019
153158
153344
154110
154482
154714
154900
155271
155643
155921
156154
156363
156757
157152
157477
157663
157918
158290
158615
159033
159149
159730
160124
160473
160705
160891
161285
161634
161912
162377
162748
163120
163468
163700
163909
164281
164629
165000
165163
165372
165720
166138
166463
166696
166905
167276
167578
168158
168344
169134
169459
169691
169900
170109
170248
170620
170991
172106
172454
172686
172895
173220
173615
174033
177168
183205
185945
186177
189196
190891
192168
194211
195163
