464
1114
1764
4063
4829
5735
5990
7500
9984
10495
11284
13490
14001
16462
17252
19504
20224
22360
22500
23266
23916
24520
24775
25495
28514
28839
29233
30000
30371
30557
31091
31509
31880
32252
33018
33761
34156
34504
34899
35271
35665
36014
36362
36757
37151
37523
37871
38103
38220
38870
39009
39729
40379
40495
40890
41122
41238
41842
42515
42747
43398
43490
43885
44234
44791
44977
45766
46114
46509
46881
47252
48018
48761
49110
49504
49876
50247
50874
50991
51734
52360
52477
53127
53243
53847
54752
55100
55379
55495
55867
56261
56610
56888
57376
57748
58142
58514
58862
59234
59652
60000
60371
60766
61091
61509
61881
62252
62624
62763
62995
63390
63761
64156
64365
64481
64899
65108
65875
66014
66757
67152
67384
67500
67895
68243
68661
68847
68986
69358
69752
70147
70519
70867
71238
72005
72376
72771
73096
73514
73885
74234
74652
74884
75371
75743
76161
76393
76486
77136
77229
77833
86122
89280
97175
102005
102771
103166
103398
103491
103862
104257
104884
105720
106068
106509
106904
107276
108019
108390
108762
109110
109528
109900
110248
110875
111014
111757
112129
112384
112500
112895
113104
113243
113870
113986
114404
114753
115170
115379
115519
115867
116239
116866
117005
117748
118119
118514
118886
119257
120000
120766
121161
121510
121858
122229
122880
122996
123762
124389
124505
124900
125132
125875
125991
126757
127152
127523
127872
128243
129010
129753
130147
130519
130890
131262
131657
131982
132400
132771
133120
133514
133886
134141
134211
134606
134884
135650
136394
136510
137137
137996
138716
139482
139900
140271
140643
140875
141038
141781
142129
142524
142849
143267
143986
144358
144753
145101
145519
145890
146216
146889
147377
147771
148398
148468
149141
151533
152067
153762
153994
154505
155295
158383
160519
161239
163514
164234
165767
166487
167276
167903
168762
169528
172826
173383
174776
175635
177168
178097
178352
179629
