116
441
1486
1927
2229
2647
2995
3343
3691
4063
4435
4806
5061
5549
6246
6594
6965
7267
7685
8057
8428
8777
9125
9520
9868
10216
10588
11331
11633
12376
12724
13769
14210
14512
14883
15278
15627
15975
16741
18181
19597
21083
23614
23916
25031
25332
26029
26865
27167
27469
27956
28189
29744
30116
31207
31880
32182
32647
32925
33645
34388
35155
35480
35898
36246
36617
36919
37221
37616
38429
38754
39752
40588
41238
41656
42376
42724
43467
43746
44210
44582
44860
45603
47090
47484
47833
48204
48552
49226
49992
50340
50689
51339
52082
52500
52895
53243
54334
54659
54961
55774
56354
57237
58305
58676
59048
59419
59744
60116
60395
60813
61231
61556
62275
62902
64458
64737
65805
66618
67337
67709
68080
68359
68684
69149
70217
70588
71587
72399
73119
73491
73816
74210
74512
74954
75302
75650
76022
76370
76718
77090
77368
78111
78831
79272
79621
79923
80341
81200
81478
81803
82175
82825
83197
83916
84288
84683
85031
85379
85774
86029
86517
86796
87585
87887
88259
88677
89002
89721
90464
90813
91161
91556
91788
92276
93715
95178
95526
96548
98034
98406
102376
115774
116146
116494
117609
117957
118607
118979
119397
119698
120047
120488
120836
121231
121440
122276
122624
122996
123367
123739
124017
124389
124691
125178
125550
125875
126130
126618
126989
128011
129102
129451
130194
130542
130960
131308
132051
132307
133120
133816
134164
134536
134931
135256
136301
136742
137113
137438
139621
139969
140736
141061
141781
142524
142779
143104
143615
143801
144544
145403
145774
146123
146401
146866
147098
147586
147818
148143
148561
149025
149281
149745
149908
151185
152253
152462
153600
153971
154273
155550
156247
156990
157338
158429
158708
159869
160240
164583
165279
165627
165976
166417
167137
167462
167857
168158
168553
168878
169250
169598
169970
170388
170736
171084
171432
171781
172059
172547
172849
173267
173569
173987
174706
175426
175728
176100
176494
176843
177191
177609
177934
178329
178654
179025
179374
179768
180093
180465
180860
181162
181533
181928
182276
182624
182996
183344
183762
184111
184459
184784
186595
200179
200782
201247
201409
