69
394
766
1486
5781
6106
7174
9682
11493
12144
12863
15000
17182
17507
18622
20062
20387
22918
24311
24706
25054
25425
25774
25959
26122
26470
26842
27213
27562
27910
28281
28630
28978
30023
30418
30743
31091
31486
31672
31834
32159
32531
32925
33274
33645
33994
34179
34272
35038
35781
36107
36316
36432
36664
36850
37151
37384
37477
37732
37848
38080
38243
38638
38823
38986
39172
39357
39520
39706
39891
39984
40170
40425
40588
40704
41122
41494
41679
41842
42004
42190
42376
42538
42747
42910
43096
43258
43444
43560
43816
44001
44350
44535
44675
44791
44977
45232
45418
45603
45720
46138
46463
47206
51478
51850
55426
57190
65758
68986
70054
71494
71680
72910
74327
74698
75046
75418
75766
77183
77392
78622
80062
82895
83104
84334
84450
85751
85890
86053
88607
88816
90070
90232
91463
94342
95062
97198
97570
102910
103607
104350
105743
106463
108599
108948
125294
136463
137206
138623
140039
141455
144335
145751
147191
150024
150163
151463
151672
152880
153042
153205
155759
155968
157175
157291
158615
158894
170062
175775
181463
187245
192957
193654
194374
196487
198669
198995
