69
1439
4272
5688
11354
12074
13514
14164
14930
15534
16323
16973
17670
18065
19133
19760
20526
20897
22616
22825
22987
23196
23289
23707
24079
24404
24682
25100
25286
25449
25936
26168
26517
26888
27004
27237
27585
27956
28119
28281
28467
28653
28769
29001
29350
30023
30348
30766
30928
31021
31277
31463
31648
31811
32113
32531
32740
33181
33901
34086
34295
34388
34597
34992
35363
35712
36060
36385
36571
36687
37082
37314
37453
37825
38173
38521
38638
38893
39404
39566
39775
39961
40031
40286
40658
41006
41308
41703
42074
42237
42353
42562
42771
42956
43096
43490
44048
44466
49481
49992
50596
51037
51200
51432
51571
51943
52616
52918
53336
53521
53707
54241
54404
54752
55031
55309
55472
55820
56354
56517
56726
56888
57074
57237
57585
58305
58583
59001
59187
59326
59698
59861
60046
60418
60766
61022
61463
61997
62159
62345
62554
62647
62879
63227
63924
64296
64644
64806
64992
65155
65364
65526
65689
66014
66409
66618
67152
67848
72028
79040
79272
79481
79574
79760
80155
80875
81176
81571
81757
81920
82477
82593
83011
83359
83684
84056
84590
84752
84938
85124
85310
85472
85844
86169
86494
86819
87214
87399
87585
87724
87933
88096
88282
88630
89211
89721
90372
91068
93228
94249
95341
96084
97129
98870
99915
100890
101703
102748
104513
105534
108437
110132
111200
112941
113174
113336
113545
113661
114056
114753
115031
115449
115635
115751
116262
116517
116866
117237
117516
117748
117934
118468
118630
118816
119025
119118
119373
119698
120349
120766
121115
121301
121486
121626
121811
122020
122160
122462
123135
123599
124249
124482
124644
124737
125016
125364
125736
126061
126409
126780
126920
127129
127663
127779
128174
128545
128661
128893
129242
129753
129938
130124
130310
130472
130635
130983
131680
132075
132423
132609
132678
132911
133120
133282
133445
133839
134397
134815
135534
135743
135952
136068
136301
136649
136997
137694
138414
138576
138739
138924
139110
139459
139830
140039
140364
140480
141223
141409
141595
141781
141920
142291
142849
143360
144010
144172
144428
144613
144753
145101
145798
146192
146448
146819
147005
147191
147423
147562
147934
148514
148979
149327
149699
149815
150070
150256
150395
150767
151370
151649
151742
152531
152717
152856
153065
153228
153600
154203
154621
155295
155504
155713
155805
156061
156432
157106
157477
158127
158336
158476
158731
158824
159242
159613
160310
161007
161169
161285
161541
161680
162075
162423
162679
163143
163770
163979
164327
164513
164884
165256
165465
165883
166579
166835
166951
167183
167346
167717
168391
168785
169412
169830
169993
170179
170550
170898
171572
172222
172640
172849
172988
173731
174056
174428
174730
175078
175751
176889
177214
177957
178097
178375
178631
179002
180070
180767
181440
181835
182880
183530
183716
184134
184250
185016
185713
186340
186943
187106
188151
188546
189196
189428
189985
190310
191285
192052
193422
