3250
3366
4017
4295
4435
4922
5526
5688
6385
7778
8475
9125
10286
10611
12027
12747
13049
14675
14860
15139
16230
16904
17600
19063
19736
20433
21501
21873
22175
23243
23614
24311
24729
25402
26517
27190
31718
33181
33506
33831
34435
34528
36014
36362
37360
37802
38127
38498
40100
40170
40542
41261
41633
42306
43003
44489
45186
45812
46904
47299
47600
48669
49040
49806
50131
50271
50689
51850
61091
61370
61440
61904
62206
62322
62809
64179
65666
66339
66919
67012
68173
68452
68823
69752
69845
70611
70983
72562
72655
73003
73816
74118
74837
75464
76950
77159
77508
77624
78320
78738
79063
79458
79760
80062
81130
82198
82616
83289
89605
91068
91742
92322
92415
93901
94226
94598
95155
95248
96014
96316
97964
98057
98429
99520
100194
100890
102376
103073
103398
103700
104791
105186
105488
106533
106951
107485
107601
107810
108019
108158
108553
108715
109807
