2136
6826
7732
9822
13281
13444
14117
16509
16788
19040
21919
22523
22964
23243
23916
24357
24682
25077
25449
25797
26122
26470
26702
27190
27562
27863
28235
28630
28908
29326
29466
29675
29976
30371
31021
31416
31788
32159
32345
32461
32833
33158
33367
33901
34295
34597
35294
35898
36733
37105
37430
38011
38150
38475
38846
39357
39566
39868
40263
40542
40820
40936
41331
41656
42004
42329
42724
43049
43444
43630
43792
44117
44442
44698
45162
45534
45905
46509
46950
47275
47647
48018
48715
49086
49295
49412
49783
50039
50271
51548
51919
52244
52569
52964
53684
54009
54381
54729
54938
55054
55449
55774
55936
56494
57144
57724
57887
58235
58583
58955
59326
59605
60000
60348
60580
61068
61440
61765
61950
62113
62461
62856
63135
63413
63553
63878
64249
64597
64946
65294
65596
66037
66223
66687
67059
67291
67802
68498
69172
69520
69868
77601
79714
80457
80851
81200
84033
85797
90372
91068
91765
92136
92461
93901
94969
95225
96734
98150
99543
100937
102376
103073
103421
103769
104141
105186
106579
108019
108367
109435
110132
110852
112245
112941
113684
114265
114381
114729
115031
115797
116471
117098
117562
117910
118212
118584
119327
119652
119884
119977
120349
120743
121393
121765
122090
122694
122787
123205
123483
123669
124273
124969
125527
125689
126037
126362
127082
127709
128336
128452
128824
129172
129497
129753
129915
130612
130867
131169
131285
131657
131959
132353
132702
133445
133979
134095
134489
134815
134977
135534
135906
136231
136858
136951
137229
137624
138019
138367
139041
139621
139760
140085
140503
140689
143267
143568
144033
144683
145031
145264
145403
145798
146123
146262
146842
147562
148120
148259
148584
148979
149675
150372
150952
151417
151788
152090
152276
152508
153182
153553
153762
153878
154273
154575
154923
155318
155689
156014
156595
156734
157059
157431
157640
159892
160264
163770
168739
171502
172245
174335
180001
180372
180697
181394
182021
182485
182810
183205
183553
184227
184784
184946
185318
185666
185991
186340
187059
187408
187640
188104
188499
188731
189149
189892
190426
190566
190937
191285
191448
192029
192725
193306
193375
193770
194142
194513
194861
195535
196092
196208
196603
196974
197532
197648
197996
198368
198739
198948
199087
199436
199738
200156
200481
201177
201734
201920
202269
202570
202803
203290
203987
204614
205078
205403
206146
206820
207423
207516
207888
208259
208445
211092
211742
212137
212439
213066
213135
213553
213879
214111
214622
215318
215852
215992
216386
216711
217060
217408
218105
218685
218801
219173
219567
220101
220218
220961
221518
221611
222029
222354
222632
223050
223747
224327
224444
224815
225163
225326
225883
226208
226580
227160
227323
227648
227996
228368
228739
229088
229413
229761
230016
230481
230852
231177
231549
231920
232269
232594
232826
232965
233267
233685
234312
234707
235078
235450
235612
235752
236146
236448
236657
237215
237516
237911
238259
238468
238585
238933
239281
239653
240024
240396
240721
241069
241278
241441
241766
242137
242462
242671
242811
243182
243554
243855
244088
244227
244552
244947
245318
245643
246015
246340
246735
246920
247083
247431
247780
247989
248430
249196
249916
250612
256185
261921
262594
265218
267517
270466
