116
5735
11331
12051
12492
12840
14953
15557
16973
17786
18134
18483
19806
20596
20712
20921
21246
22012
22198
22337
22569
22685
24125
25309
25449
26238
26842
29071
29373
29767
31021
31114
31509
32206
32577
33111
33227
33622
34017
35062
35410
36362
36664
36757
37175
37500
37894
38196
38382
38498
39636
40681
41029
41679
42399
42817
43142
43537
43816
45209
45998
46347
46718
47043
47391
47740
48088
48367
49086
49435
50247
50596
50921
51292
51664
52012
52337
52709
53057
53405
53800
55170
56076
56563
57306
57655
58003
59257
59350
59744
60116
60836
62159
62949
63251
63645
64133
64992
65410
66107
66478
67175
68963
69311
71354
72051
74257
74605
74954
75650
76277
77067
77415
77740
78274
78808
79133
80248
80596
80921
81827
81920
82361
82686
83057
83429
84822
85867
86192
86563
87469
87585
88003
88328
89002
90139
90372
91161
91509
91858
92229
92554
92903
93553
93901
94644
95062
95410
95782
96107
96478
96827
97175
97523
97872
98081
98220
98382
98591
99195
99985
100310
