46
8010
19226
21664
22314
23010
24473
24822
25170
25518
25867
26145
26517
26865
27237
27585
27933
28305
28630
28978
29326
29698
30046
30371
30743
31114
31416
31788
32136
32391
32833
33181
33529
34226
34899
35596
35967
36339
36664
36989
37360
37732
38034
38405
38707
39125
39473
39799
40170
40518
40867
41215
41540
41888
42213
42585
42910
43305
43653
43978
44303
44698
46788
47136
48552
49226
49574
49922
50271
50967
51339
52314
52732
53080
53777
54079
54474
54822
55170
55472
55867
56563
56842
57260
57631
57933
58305
58630
58978
59350
59675
60046
60302
60720
61091
61440
62113
62484
62833
63483
63854
64249
64922
65294
65967
66292
80248
80596
81641
83057
84450
85867
86215
87260
87910
88282
88630
89350
90046
90743
91416
91788
92160
92810
93204
93529
93878
94180
94528
94899
95619
95991
96269
96687
97012
97384
97709
98081
98406
98754
99102
99474
99799
100054
100519
101215
101889
102237
102585
102934
103305
103630
103978
104350
104698
105047
105395
105720
106068
106765
107160
107461
108158
108483
108901
109574
109923
110271
110596
110944
111316
111687
112361
113777
114102
114474
114799
115170
115519
115867
116215
116540
116889
117237
117609
117957
118305
118630
118979
119327
119675
120047
120372
120743
121092
121440
121765
122136
122438
122810
123530
124249
124900
125294
125619
126293
126688
127036
127384
127709
128034
128429
128777
129126
129404
129776
130147
130472
130844
131215
131541
131912
132260
132609
132957
133282
133654
