92
1137
2461
3900
5619
6617
7685
7987
11122
12167
13514
14930
16648
17647
18715
19040
22151
22476
22825
23150
23359
23498
23730
23846
24171
24520
24752
24891
25263
25425
25588
25890
26145
26261
26470
26610
26958
27306
27515
27631
28003
28328
28699
29048
29187
29396
29744
30069
30418
30766
30928
31068
31463
31811
31997
32113
32484
32833
33181
33506
33831
34202
34411
34713
34853
35224
35572
35781
35921
36292
36455
36617
36942
37175
37500
37616
37987
38336
38568
38684
39032
39357
39706
40077
40263
40425
40751
41099
41424
41795
41981
42097
42469
42817
43003
43165
43514
43862
44187
44535
44907
45255
45441
45557
45720
45905
46277
46602
46788
46997
47322
47508
47670
47972
48204
48552
48692
49017
49365
49597
49713
50062
50387
50758
51107
51292
51455
51803
52128
52477
52848
52964
53150
53498
55193
55449
55936
56238
56494
56610
56842
56981
57306
57655
57840
58003
58235
58537
58700
59025
59257
59396
59559
59698
60070
60395
60627
60743
61091
61416
61788
62159
62299
62438
62833
63181
63506
63878
63994
64156
64574
64853
65085
65201
65410
65573
65944
66292
66478
66966
67314
67500
67639
67825
67964
68336
68707
68916
69032
69358
69566
69729
70054
70286
70426
70588
70727
71076
71424
71633
71772
72144
72469
72840
73003
73166
73351
73537
73862
74210
74443
74559
74884
75093
75186
76300
77322
77670
78019
78367
78553
78901
78994
79389
79714
79946
80062
80433
80596
80689
81060
81316
81432
81641
81803
82128
82477
82686
82802
83173
83498
83847
84218
84381
84567
84915
85240
85588
85937
86122
86238
86610
86981
87144
87283
87655
88003
88351
88700
89048
89396
89582
89838
90046
90372
90743
90929
91091
91440
91625
91811
92113
92345
92670
92833
93158
93506
93692
93855
94203
94528
94899
95248
95410
95550
95944
96269
96641
96989
97129
97291
97639
97918
98220
98313
98684
98986
99358
99729
100078
100426
100612
100728
100983
101076
101447
101796
102028
102167
102492
102678
102841
103143
103375
103723
103839
104187
104536
104768
104884
105232
105581
105929
106277
106440
106626
106974
107299
107647
108019
108158
108321
108669
109040
109157
109342
109737
110085
110434
110759
111107
111455
111641
112013
112105
112500
112825
113057
113150
113522
113708
113870
114218
114427
114544
114753
114869
115240
115565
115797
115914
116285
116610
116958
117330
117469
117632
118003
118352
118700
119048
119188
119397
119722
120441
121440
121788
122113
122462
122671
122810
123042
123135
123530
123855
124087
124203
124551
124737
124830
125201
125457
125573
125782
125921
126270
126618
126804
126966
127315
127640
127988
128359
128499
128708
129056
129381
129729
130078
130263
130356
130774
131099
131285
131424
131796
132144
132446
138042
