46
2739
11006
22012
22314
22709
23010
23382
23730
24055
24404
24497
24775
25425
25820
26099
26424
26772
27120
27515
27840
28142
28514
28885
29210
29535
29907
30255
30511
30743
30952
31277
31648
31973
32298
32647
32995
33297
33692
34040
34388
34690
35038
35410
35503
35758
36408
37082
37500
37778
38150
38452
38777
39148
39497
39891
40193
40518
40913
41238
41586
41935
42283
44001
44326
44605
45720
46068
47438
48831
49156
49458
50131
51223
51548
52244
52546
52941
53289
53638
53963
54334
55008
55658
56703
57051
57724
58421
59164
59419
59837
60162
60464
61138
61532
62206
62554
63227
63576
63947
66014
71517
76997
77299
77693
78019
78297
78692
79040
79365
79481
79737
80387
81107
81478
81757
82128
82454
82755
83127
83522
83847
84195
84497
84799
85217
85565
85751
85937
86215
88003
88305
88700
88978
89675
90046
90720
91416
92392
92833
93158
93460
94203
94528
94876
95178
95550
96223
96548
96943
97268
97964
98313
98986
99613
100681
101053
102423
103143
103816
104164
104466
105116
106184
106533
107206
107508
107926
108228
