69
255
650
975
1184
1277
1671
1996
2298
2530
2623
3018
3366
3506
3715
3877
3993
4388
4713
4899
5061
5387
5712
6083
6269
6362
6548
6780
7105
7430
7639
7732
7964
8103
8452
8777
9009
9079
9473
9822
10147
10309
10472
10820
11192
11447
11702
12004
12167
12538
12887
13072
13165
13537
13862
14210
14349
14930
15255
15603
15882
16114
16207
16602
16950
17136
17252
17414
17647
17972
18320
18413
18645
18784
18970
19249
20363
20688
21223
21873
22058
22384
22732
23057
23754
23916
24102
24427
24752
25123
25449
25750
26145
26424
26610
26819
27353
27817
28165
28467
29187
29535
29860
30534
30905
31230
31555
31904
32229
32600
33250
33599
33947
34272
34620
34783
34969
35294
35990
36316
36664
37314
37662
38034
38661
39009
39357
40007
40402
42446
42562
43398
43769
44489
44791
45511
45836
46138
46857
47206
47554
48181
48552
48854
49574
49922
50619
50921
51223
51571
52244
52639
52987
53289
53661
53963
54334
54659
55031
55356
56308
56656
57028
57399
57748
58003
58374
59094
59443
59768
60464
60743
61114
61788
62136
62508
63460
63761
65526
65898
66223
66571
67198
67430
67570
67918
68614
68940
69288
69636
69938
70054
70310
70820
71308
71656
71958
72353
72678
73026
73351
74048
74373
74721
75070
75395
75720
76091
76741
77090
77438
77763
78111
78228
78460
78762
79389
79806
80155
80503
80805
81153
82128
82523
82895
83522
83870
84241
87283
88305
89002
89629
90279
90952
91649
92276
92624
93738
95062
95410
97825
98150
99195
99845
100542
101099
101865
102539
103166
103560
104582
105929
106208
111061
111386
112431
113777
114474
115170
115844
116471
116680
117864
118514
119002
119234
119559
119884
120581
121602
121904
122601
123274
124667
125155
125991
126734
127338
127500
127965
129056
130728
131099
131448
131703
132423
132818
133143
133793
134188
134489
135163
135534
135859
136092
136556
136904
137229
137880
138251
138576
138901
139250
139621
139946
140294
140643
140945
141316
141664
141966
142338
142663
143011
143336
143638
143986
144637
145055
145333
145705
145914
146378
146773
147051
147423
147748
148096
148445
148793
149118
149443
149768
152624
153994
155016
155666
156061
157199
158127
