162
835
2159
2832
4504
4852
5178
5549
5851
6548
7198
7383
7778
7871
8103
8568
8730
9125
9218
9798
9891
10123
10959
11238
11586
11958
12283
12794
13606
14303
14860
14953
15301
15650
16300
16973
17670
18343
19017
19365
19690
20038
21687
22407
22964
23057
23266
23591
23730
24404
24659
24752
25100
25332
25449
25634
25797
25983
26099
26331
26447
26772
27097
27260
27445
27747
27980
28142
28258
28490
28815
29001
29141
29466
29837
30000
30162
30487
30696
30812
31021
31161
31486
31764
32206
32391
32833
33065
33483
33738
34040
34411
34504
34806
35224
35433
35503
35712
36060
36362
36571
36780
36873
37082
37268
37430
38220
38475
38754
39102
39241
39590
39822
39915
40240
40472
40588
40797
41122
41494
41819
41935
42283
42631
42956
43165
43281
43955
44326
44535
44675
45209
45302
45975
46300
46672
47206
47508
47670
47995
48669
49017
49319
49737
49899
50387
50712
51037
51408
51734
52059
52360
52616
52732
53080
53405
54032
54590
55077
55263
55658
55983
56424
56796
56981
57121
57330
57631
57980
58142
58351
58444
58676
58792
59164
59373
59443
59698
60046
60371
60511
60720
60813
61138
61393
61486
61857
62183
62345
62484
62833
63042
63158
63390
63529
63854
64203
64388
64528
64760
64853
65503
65851
66083
66432
66525
66896
67546
67755
67871
68127
68452
68568
68800
68940
69125
69241
69474
69915
70240
70472
70588
70913
71169
71285
71494
71610
71958
72167
72608
72840
72980
73166
73305
73491
73816
73978
74141
74628
75000
75186
75488
75627
75975
76347
76695
76881
76997
77368
77461
77647
78019
78367
78553
78878
79249
79574
79690
79923
80039
80364
80735
80921
81037
81200
81594
81943
82291
82430
82755
82964
83080
83429
83615
83754
84079
84381
85774
86378
87098
87678
88444
88584
88793
89118
89512
89791
90325
90813
91138
91324
91834
92160
92485
92833
93019
93181
93367
93855
94226
94412
94528
95201
95526
95875
96107
96548
97221
97872
98475
98568
99242
99381
99590
99915
100286
100588
100913
101262
101494
101610
101935
102074
102283
102608
102980
103259
103398
103607
103816
104164
104304
104629
104954
105302
105975
106486
106835
106997
107345
107996
108669
109180
110016
110689
111386
111943
112268
112384
112756
113383
113754
114033
114427
114613
114753
115101
115310
115449
115751
116122
116448
116773
117330
117446
117771
118096
118770
119141
119466
119838
120000
120140
120697
120790
121138
121510
121788
122136
122694
122856
123019
123530
124180
124528
124830
125225
125434
125852
126200
126595
126897
127268
127547
128104
128568
128917
129590
130263
130589
130821
131285
131494
131959
132284
132469
132632
132841
133282
133514
133839
133979
134188
134327
134629
134977
135325
135511
135883
135999
136208
136324
136672
136881
137322
137555
137694
137903
138228
138553
138901
139041
139366
139714
139923
140062
140225
140341
140689
141038
141409
141618
141711
141897
142291
142407
142756
143081
143243
143406
143615
143963
144288
144404
144637
144985
145078
145449
145635
145774
145937
146425
146634
146796
146982
147144
147469
147655
147771
148143
148793
149118
149466
149838
150511
151161
151812
152392
152508
153158
153414
153855
154505
155086
155202
155434
155852
156038
156548
156874
157199
157547
157756
157895
158035
158220
158569
158894
159126
159219
159915
160589
160798
160960
161285
161912
162261
162609
163143
163956
164118
164304
164675
164954
165302
165627
165767
166208
166324
166672
166835
166997
167346
167648
167996
168135
168321
168576
168809
169018
169343
169668
169877
170016
170713
171247
171409
171711
172059
172733
173406
173963
174080
174730
175310
175426
175984
176657
176773
177005
177330
177446
177609
178027
178120
178329
178770
178932
179304
179467
179676
180001
180140
180372
180465
180697
180813
181045
181487
181603
181812
181998
182160
182392
182485
182833
183066
183507
183832
184157
184343
184528
184761
185086
185202
185550
185689
185852
186200
186549
186874
187013
187245
187454
187779
187895
188104
188244
188406
188569
188755
189219
189567
189730
189916
190148
190264
190566
190821
191285
191494
191587
191959
192261
192957
193607
195001
195651
196301
196881
196998
197671
198112
198321
198577
198809
199018
199250
199343
199575
199691
199830
200341
200504
200922
201038
201247
201711
201851
202083
202269
202385
202710
203058
203197
203406
203731
203964
204056
204405
204544
205078
205450
205752
206100
206332
206657
206773
207098
207238
207447
207563
208027
208120
208468
208817
209026
209374
209467
209699
209815
209931
210117
210372
210790
211139
211487
211603
211812
212183
212369
212485
212857
213066
213159
213530
213832
214180
214366
214505
214854
215086
215202
215527
215713
215852
216572
217199
217896
218546
219242
219475
219916
220148
220589
220821
221146
221286
221936
222122
222609
222818
223283
223515
223956
224281
224862
224954
225628
225976
226301
226649
226975
227230
227532
227648
227903
228252
228321
228577
228902
229204
229529
229668
229900
230249
230341
230597
230690
230922
231038
231154
231619
231711
231851
232385
232594
232733
233058
233174
233383
233917
234057
234544
234730
239072
