348
719
998
1369
1578
1695
2066
2414
3065
3738
4086
4272
4411
4760
5108
5781
6408
6919
7128
7430
7778
8452
9148
9659
9798
10170
10495
10820
11122
11842
12306
12538
12840
13188
13839
14140
14512
14883
15000
15232
15510
15905
16021
16579
16904
17205
17577
17925
18250
18599
18924
19272
19597
19713
19922
20271
20456
20572
20921
21269
21594
21942
22593
22732
23150
23614
23962
24613
25309
25658
25843
25959
26308
26633
27329
27887
28003
28119
28467
29048
29373
30046
30720
31207
31393
31718
32066
32391
32531
32740
33367
33877
34411
34737
35433
36083
36594
36803
37128
37477
37616
38150
38452
38823
38939
39450
39775
40170
40472
40843
41168
41354
41494
42028
42144
42515
42840
43142
43514
43839
44187
44559
44675
44860
45209
45557
46230
46904
47415
47554
47902
48251
48947
49551
50062
50271
50619
50944
51060
51617
52268
52616
52755
52941
53289
53614
54288
54636
54938
55286
55472
55658
55983
56331
56981
57330
57655
58003
58142
58328
58676
59048
59187
59350
59721
60023
60395
60720
61045
61393
61741
62090
62415
62763
62902
63065
63599
63715
64110
64435
64760
65085
65758
66292
66385
66757
67105
67779
68475
68963
69125
69497
69822
70472
71169
71610
71842
72515
73189
73839
74210
74303
74837
75186
75906
76207
76509
77043
77577
77926
78599
79272
79714
79923
80271
80619
81293
81943
82616
83313
83940
84590
85333
85983
86680
87353
87864
88026
88351
88677
89373
90046
90557
90720
91068
91393
92043
92740
93251
93413
94087
94783
95434
95782
95875
96455
96734
97477
97779
98127
98591
99149
99497
100147
100797
101285
101494
101842
102191
102864
103514
104187
104861
105557
106045
106161
106904
107554
108251
108924
109412
109923
110271
110898
111618
111943
112129
112245
112640
112965
113290
113661
114149
114288
114753
115333
115635
116355
116657
116982
117353
117516
118027
118352
118677
118816
119002
119675
120023
120163
120697
121045
121417
121719
122369
122740
122926
123042
123414
123762
123948
124435
124760
125109
125225
125736
126409
127106
127570
127779
128290
128429
128824
129149
129799
130147
130496
130844
131006
131169
131517
131819
132191
132493
132841
133189
133537
133700
133863
134095
134513
134861
135209
135418
135558
135859
136208
136370
136533
136881
137020
137206
137903
138251
138576
138901
139041
139273
139482
139923
140271
140620
140945
141293
141641
141734
142291
142593
143267
143661
143940
144312
144497
144613
144985
145333
145473
145960
146332
146657
147144
147330
148003
148677
149211
149350
149861
150024
150372
150720
151045
151370
152044
152555
152740
153089
153391
154041
154737
155271
155759
156107
156804
157477
157965
158127
158824
159474
160148
160496
160612
161123
161518
162191
162493
162864
163352
163514
163863
164188
164884
165511
166045
166208
166579
166858
167555
168251
168739
168878
169598
170271
170759
170922
171595
172245
172965
173615
174103
174660
174985
175682
176285
176843
177354
177679
178375
179025
179536
179699
180395
181069
181719
182067
182183
182764
183042
183762
184064
184412
184923
185086
185434
185782
186456
187083
187570
187802
188151
188476
189126
189823
190310
190496
191169
191843
192354
192446
193190
193840
195210
195720
196208
196556
197207
197555
197880
198228
198414
198925
199250
199947
200248
200573
200806
201131
201595
201920
202292
202640
202942
203313
203824
203940
204312
204614
204800
204939
205310
206007
206518
207005
207354
207679
207981
208677
209188
209327
209699
210047
210210
210721
211022
211394
212021
212718
213414
213855
214064
214598
214761
215109
215434
215759
215899
216108
216758
217269
217779
218151
218476
218778
219498
219800
219916
220171
220473
220844
220961
221518
221843
222191
222377
222702
223190
223538
223863
224188
224536
224885
225372
225535
225883
226232
226557
226858
227532
228019
228577
228948
229297
