69
2368
5410
8034
9404
10727
13072
16068
20410
20642
21385
21710
22058
22407
22662
23057
23382
23661
24055
24288
24729
25077
25309
25727
26052
26331
26702
27051
27376
27747
28072
28305
28723
29048
29373
29651
30069
30394
30650
31068
31346
31741
32066
32368
32740
32995
33413
33645
34063
34319
34737
35062
35387
35735
35898
36060
36316
36733
37082
37407
37732
38057
38382
38707
38823
38986
39334
39682
40077
40379
40611
41076
41308
41586
41656
42074
42399
42562
42747
43026
43351
43723
44071
44303
44721
45046
45418
45720
46068
46393
46718
47043
47368
47740
48018
48390
48738
48994
49412
49713
50062
50340
50735
51060
51385
51734
52059
52360
52732
53080
53266
53707
54079
54334
54706
54984
55402
55658
56076
56354
56703
57399
57724
58026
58374
58746
58978
59396
59744
60070
60371
60743
60975
61416
61718
62066
64040
64342
64597
65062
65340
65573
65735
66083
66362
66734
67012
67407
67662
67918
68011
68243
68336
68731
69009
69381
69729
70077
70333
70565
70704
70867
71076
71378
71726
72074
72353
72655
73026
73212
73398
74025
74373
74698
75070
75395
75697
75906
76045
76254
76323
76741
76997
77392
77740
78042
78413
78553
78692
78924
79063
79365
79690
79992
80410
80712
81223
81548
81734
82059
82407
82732
83057
83406
83893
84195
84381
84729
85077
85217
85402
85681
86076
86355
86726
87074
87376
87748
88073
88375
88723
89025
89327
89652
90023
90395
90697
91022
91416
91742
92067
92415
92694
93065
93413
93738
94040
94342
94737
95062
95410
95735
96084
96386
96734
97059
97361
97732
98034
98406
98731
99056
99404
99729
99985
100356
100728
101030
101401
101680
102005
102353
102725
102980
103375
103700
104071
104396
104721
105070
106742
107067
107345
107694
108042
108390
108739
109040
109319
109737
110062
110410
110643
111037
111409
111664
111943
112407
112709
113011
113406
113661
114079
114335
114729
115054
115403
115751
115983
116378
116633
117075
117376
117725
118050
118375
118746
119071
119373
119722
120070
120372
120697
121068
121254
121370
121649
122067
122299
122554
130728
131030
131378
131750
132702
132841
