139
789
1671
1811
1996
2113
2368
3111
3297
3808
4388
4736
5410
7128
7314
7453
8312
8475
8614
8753
10147
11447
12422
12747
14140
14442
15441
16044
16788
17809
17995
18088
18761
19133
19481
19783
20317
20572
20758
21385
21640
21989
23103
23428
23823
24102
24798
26076
26447
26749
27469
28444
28723
29141
30139
30441
31439
32066
32298
32786
33668
33785
34017
35433
36826
37569
37802
37987
38080
38939
39125
39357
40797
42051
43444
44442
44814
46138
47438
48065
48808
49783
50062
51478
52802
53405
54125
54775
55147
55426
55820
56122
56819
57817
58096
58444
58746
59489
60139
60441
60789
61114
62136
63483
64040
64783
65758
66083
66478
66780
67152
67477
67802
68127
68382
68754
69102
69404
70124
71122
71471
71796
72074
72817
73467
74141
74466
74721
75441
76440
76811
77136
77438
77786
78042
78785
79156
79435
79783
80062
80805
81780
82059
82477
82755
83475
83800
84149
84776
85402
86099
87098
87237
87423
88468
88816
90093
90743
91068
91440
92136
92438
92670
92740
93785
94133
94783
94969
95410
96084
96780
97779
98150
98475
98777
99474
99799
100472
100751
101424
102144
103119
103444
103816
104814
106138
107438
108112
108274
108460
108669
110085
112291
112477
112640
112779
113661
113800
114009
115426
116471
118119
119118
119443
120813
122090
122740
124435
124784
126130
127477
128777
129451
129822
130147
130472
130798
131076
131471
132121
132493
132748
133120
133421
134141
134466
135093
135465
135813
136811
137810
138089
138716
139459
140480
140805
141154
141432
141804
142129
142477
142802
142988
143151
143406
143777
144056
145798
146123
146355
146819
147469
148143
148793
149141
149397
150117
151092
151417
151812
152113
152462
152810
153135
153483
153716
154087
154435
154737
155480
156456
156781
157129
157431
158151
158476
158801
159451
160055
