92
394
1904
3297
3366
4063
5108
5387
5804
5967
6292
6733
8219
9171
9868
10147
10263
10425
11424
12074
12538
13931
14744
14837
15116
15743
16602
16695
19783
20503
20781
20897
22709
23127
23428
23684
24032
24427
24566
24775
24915
25379
25774
26076
26238
27097
27283
27422
27678
28096
28374
28746
28908
29373
29791
30093
30278
30441
30766
31091
31416
31672
32043
32461
32763
32925
33436
33785
34086
34342
34713
35108
35224
35433
35596
36037
36455
36733
36919
37360
37778
37894
38080
38336
38754
39055
39404
39520
40031
40449
40751
41006
41424
41772
42074
42329
42631
43119
43421
43676
44094
58398
86749
87051
87423
87608
87957
88421
88677
89002
89327
89768
90093
90325
90604
91115
91370
91672
92090
92415
92763
93019
93390
93785
94087
94342
94714
95108
95364
95666
95968
96455
96734
97012
97430
97779
98057
98290
98615
99079
99404
99567
100078
100449
100751
100983
101215
101773
102028
102353
102701
103119
103398
103677
104048
104466
104721
104907
105418
105766
106045
106324
106533
107113
107392
107647
108088
108437
108762
108948
109389
109760
109992
110248
110712
111130
111409
111664
111966
112431
112709
113011
113383
113800
114079
114265
114706
115124
115403
115612
116053
116448
116726
117098
117307
117725
118050
118282
118723
119118
119373
119629
120070
120441
120674
120929
121417
121788
122090
122276
122554
123065
123414
123669
124040
124458
124760
124946
125387
125805
126084
126339
126757
127129
127384
127663
128452
128754
128870
160751
