4667
6037
6431
7291
8010
8661
8893
9334
10054
10332
10681
12469
13328
14001
14233
14466
15023
15371
15975
16370
16671
17345
17670
17995
18668
19365
19481
20317
20596
21339
21989
22314
22453
22685
23010
23382
23637
24032
24380
24706
25031
25263
26006
26702
27028
27353
28026
28374
28676
29350
30023
30162
30696
31045
31277
31904
32345
32670
32972
33204
33343
33552
34040
34319
34667
36014
36966
38661
39148
40031
41354
42655
43537
43769
45325
45696
46021
46347
46672
46997
47368
47647
48042
48692
49017
49690
50015
50642
51037
51292
52012
52360
52662
53336
54032
54148
55286
56006
56679
57028
57190
57376
58049
58328
58955
59350
59675
60023
60673
61370
61672
62020
62693
63042
63344
64017
64690
64830
65364
65712
65991
66710
67012
67361
67662
67871
67941
68243
68707
68963
70426
72028
72678
73351
73653
74025
74675
75348
75488
76602
77229
77322
77693
77995
78320
78669
78994
79389
79644
80666
80898
81130
82036
82709
83359
84706
86215
86401
