46
2020
5990
16695
22035
22360
22685
23057
23336
24032
24404
24589
25077
25356
25750
26029
26354
26679
27051
27353
27747
28003
29001
29373
29721
29953
30371
30673
31370
31997
32391
32670
32995
33320
33970
34644
35038
35271
35758
36014
36432
36687
37360
37685
38034
38638
39079
39381
39682
39984
40542
41052
41354
41749
42004
42353
42678
43073
43351
43723
44001
44396
44698
45302
45720
46045
46416
46695
47090
47322
47670
48018
48343
48692
49063
49365
49760
50340
50642
51014
51246
51734
52035
52407
52662
53336
53684
54009
54682
55077
55333
55983
56401
56610
57097
57353
57724
58026
58351
58700
59071
59326
59768
59977
60395
60696
61022
61370
61695
61950
62392
62693
63065
63367
63692
64017
64412
70031
80642
85983
86680
87051
87353
87980
88398
88584
89094
89327
89768
89930
90348
90697
91091
91324
91765
91974
92415
93019
93367
93692
93947
94389
94690
95085
95364
95666
96014
96409
96641
97012
97338
97964
98661
99079
99265
99706
100008
100403
100681
101355
101703
102028
102400
102655
103096
103700
103978
104396
104582
105302
105743
106022
106347
106672
107043
107369
108019
108390
108692
109365
109737
109900
110410
110689
111061
111316
111664
111989
112407
112686
113081
113359
113754
114358
114706
115031
115240
115751
116006
116703
117005
117307
117701
118003
118700
119350
119954
120534
121347
121719
122020
122671
123065
123367
123971
124412
124644
124993
125318
125736
125875
126362
126688
127082
127361
127686
128034
128406
130031
134002
140689
144706
