208
859
1509
3181
3715
6780
7476
8126
8753
9427
9914
10031
10750
11377
11981
12678
13212
13351
13722
14048
14651
15394
15859
15998
16370
16695
16880
17322
17995
18506
19017
19319
19969
20642
21153
21292
21617
21989
22639
23289
23777
23962
24288
24543
24729
25240
25936
26424
26540
26935
27213
27933
28537
29071
29512
29884
30557
31184
31811
32507
33088
33808
34319
34481
34829
35131
35480
35805
36107
36432
36803
36966
37151
37477
37802
38429
38754
39079
39427
39566
39752
40077
40425
40774
41076
41401
41749
42051
42213
42376
42724
43049
43398
43746
44396
44721
44884
45046
45395
45720
46045
46323
46486
46648
46997
47345
47531
47693
48018
48343
49017
49667
49992
50178
50340
50665
50991
51292
51617
51966
52268
52616
52778
52918
53266
53568
54891
55426
55542
55936
56215
56796
57585
58049
58189
58560
58885
59071
59512
60186
60720
61184
61532
62183
62786
63344
63460
63761
64179
64830
65503
65967
66153
66478
66803
66966
67407
68127
68614
68731
69125
69404
70124
70774
71262
71633
72074
72701
73398
73909
74721
75395
76022
76695
76997
77368
77647
77995
78320
78645
78971
79156
79319
79644
79969
80666
81316
81618
81803
81943
82268
82616
82941
83243
83568
83940
84265
84427
84567
84915
85263
85379
85565
85937
86238
86540
86889
87074
87237
87539
87910
88235
88514
88909
89234
89861
90186
90557
91161
91486
91834
92160
92368
92508
92786
93158
93297
93483
93831
94133
94458
94807
95155
95480
95782
96084
96455
96780
97129
97616
97779
98104
98452
98568
98754
99102
99451
99752
100078
100217
100426
100751
101076
101773
102028
102353
102725
102864
103026
103375
103723
104048
104350
104698
105047
105348
105488
105674
105999
106324
106672
107020
107369
107694
107972
108181
108344
108646
108994
109110
109296
109667
109946
110318
110666
110782
110968
111293
111641
111757
112314
112918
113290
113429
113568
113940
114242
114567
114938
115263
115565
115937
116076
116215
116587
116866
117237
118212
118700
118839
119211
119513
119675
120140
120883
121370
121486
121858
122183
122322
122810
123460
123994
124482
124807
125457
126130
126595
126757
127059
127477
128127
128777
129288
129451
129776
130101
130774
131424
131889
132028
132423
132702
133421
134025
134559
135047
135372
136045
136695
137160
137996
138623
139296
139946
140318
140643
140991
141270
141618
141966
142291
142454
142593
142965
143290
143383
143917
144242
144567
144915
145055
145240
145565
145914
146564
146889
147237
147539
147748
147864
148212
148538
148909
149234
149884
150209
150349
150534
150883
151208
151533
151812
151974
152137
152531
152810
153019
153182
153507
153832
154505
154830
155109
155480
155666
155782
156154
156479
156757
157106
157477
157779
158104
158267
158429
158754
159079
160403
160914
161030
161425
161610
162353
163073
163538
163700
164048
164374
164513
165000
165651
166208
166672
167021
167694
168275
168855
168971
169343
169621
170318
170968
171479
171641
171966
172292
172408
172895
173615
174103
174219
174614
174939
175612
176262
176750
177214
177562
178236
178886
179374
180186
