255
1996
2438
2948
4922
5897
6571
7198
9171
9496
9752
10031
10797
11470
11795
11958
12445
12770
13049
13374
13746
14024
14349
14512
14698
15023
15371
15673
15928
16370
16625
16997
17182
17345
17600
17972
18297
18599
18947
19272
19597
19760
19899
20247
20549
20897
21176
21571
21896
22198
22360
22709
22801
23034
23150
23475
23870
24171
24450
25007
25170
25472
25797
26145
26261
26424
26749
27120
27422
27562
27771
28096
28421
28746
29001
29396
29698
30371
30627
30836
31021
31137
31300
31695
32298
32763
32972
33297
33645
33970
34272
34597
34922
35247
35363
35596
35898
36014
36199
36571
36850
37198
37523
37871
38034
38150
38521
38823
39172
39473
39822
40170
40472
40588
40820
41145
41447
41633
41772
42051
42446
42771
43096
43258
43421
43537
43885
44071
44373
44721
45046
45371
45836
46021
46347
46672
47322
47647
47995
48320
48483
48576
48947
49272
49621
49922
50247
50573
51223
51362
51548
51664
51850
52221
52500
52871
53150
53475
53638
53777
54172
54474
54822
55147
55472
55774
56099
56238
56401
56772
57074
57422
57748
58096
58374
58723
58862
59071
59396
59698
60046
60325
60650
60998
61323
61463
61672
62020
62299
62647
62972
63297
63645
63947
64110
64296
64388
64551
64783
64876
65248
65549
65921
66223
66548
66734
66896
67198
67407
67500
67709
67825
68057
68498
68823
69195
69334
69497
69822
70124
70449
70820
71122
71447
72097
72423
72585
72701
72864
73073
73398
74025
74396
74536
74721
75046
75348
75697
75998
76323
76672
76997
77159
77345
77438
77624
77833
77949
78297
78645
78924
79249
79574
79760
79876
80271
80596
80921
81223
81548
81850
82221
82384
82546
82872
83173
83522
83638
83800
84125
84497
84822
84985
85286
85472
85658
85820
86122
86447
86749
87098
87585
87771
88073
88375
88769
89025
89373
89675
90046
90163
90325
90673
90999
91347
91649
91974
92299
92995
93320
93413
93646
93924
94296
94876
95364
95828
96223
96571
96873
97221
97547
97825
98011
98150
98522
98824
99172
99497
99822
100147
100472
100635
100821
101146
101471
101796
102121
102423
102608
102771
103096
103212
103421
103746
104025
104396
104721
105023
105372
105650
105813
106161
106509
106602
107020
107345
107647
107972
108321
108437
108646
108924
109296
109621
109923
110248
110573
110875
111061
111200
111548
111896
112198
112523
112872
113150
113499
113847
114172
114288
114497
114683
114822
115170
115797
116122
116239
116471
116773
117121
117423
117771
118096
118398
118746
118839
119002
119373
119698
120047
120302
120697
121022
121347
121510
121695
122020
122322
122647
122996
123297
123646
123971
124064
124296
124598
124946
125271
125596
125875
126246
126571
126688
127036
127384
127500
127825
128127
128522
128847
129195
129288
129497
129799
130147
130798
131076
131471
131773
131889
132121
132446
132771
133073
133421
133746
134072
134698
135024
135140
135372
136649
137160
137671
137972
138298
138646
138948
139250
139598
139714
139946
140271
140387
140573
140875
141200
141572
141873
142199
142361
142477
142872
143197
143545
143870
144126
144497
144799
144938
145101
145473
145798
146123
146401
147121
147400
147586
147748
147864
148027
148189
148375
148723
149025
149397
149675
150140
150372
150674
150999
151672
151997
152276
152671
152764
152926
153298
153623
153948
154273
154621
154946
155596
155898
156038
156177
156339
156548
156850
157500
157872
157988
158151
158522
158847
159149
159521
159846
160148
160473
160635
160751
161123
161262
161425
161750
162075
162400
162771
163096
163259
163352
163747
164048
164397
164699
165047
165372
165674
165813
166022
166370
166672
166997
167322
167648
167973
168275
168460
168762
169087
169227
169598
169946
170248
170550
171061
171223
171525
171850
172524
172872
173151
173545
173662
173801
174196
174497
174799
175101
175449
175775
176471
176796
176912
177098
177446
182323
182671
185550
185922
186224
187245
187802
189823
195674
196022
197346
197671
197996
198135
198251
198646
199273
199621
199714
199923
200248
200597
200875
201200
201525
201874
202199
202361
202547
202663
202895
203035
203174
203522
203871
204173
204498
204800
205008
205171
205473
205821
206146
206448
206796
207098
207423
207539
207772
208074
208422
208747
209072
209397
209699
210047
210163
210349
210488
210651
210813
210953
211324
211696
211998
212323
212834
212996
213298
213646
214250
214622
214900
215272
215434
215527
215899
216200
216549
216874
217199
217501
218174
218546
218639
218848
219196
224699
225721
226696
227300
228345
229413
230992
232037
233337
237075
