46
650
998
1323
1648
1927
2623
2925
3227
3924
4109
4435
4574
4852
5178
5851
6524
6826
7151
7848
8150
8452
9148
9450
9659
9752
10379
11099
11424
11749
12074
12399
13049
13351
13653
13978
14349
14535
14698
14791
14953
15278
15603
16323
16648
16973
17275
17577
18250
18575
18877
19202
19574
20224
20549
20874
21524
21849
22058
22384
22825
23475
23707
23823
24125
24473
24798
24984
25286
25402
25774
26099
26447
26749
27051
27422
27631
28026
28676
28839
29326
29675
30023
30185
30487
30673
30998
31300
31648
31950
32298
32484
32925
33227
33877
34086
34551
34899
35224
35410
35851
36153
36524
36873
37175
37430
37662
38150
38498
39125
39357
39450
39752
41401
41679
42399
42747
43165
43653
44373
45000
45348
45673
45975
46277
46625
46973
47299
47624
47949
48576
48878
49528
49899
50201
50573
50898
51200
51525
51850
52175
52477
52848
53173
53777
54102
54752
55124
55449
55727
56099
56401
56703
57074
57399
57980
58374
58885
59326
59953
60650
60998
61323
61625
61974
62275
62624
63251
63831
64110
64551
65201
65410
65526
65851
66200
66548
66734
66850
67152
67825
68173
68452
68847
69009
69450
69775
70379
70797
71029
71401
71749
71958
72353
73003
73700
74025
74373
74698
75023
75673
75859
76300
76974
77276
77392
77577
77902
78111
78274
78924
79574
79923
80201
80875
81176
81502
83475
83824
84149
84474
84590
85101
85426
86099
86308
86749
87074
87423
87585
88003
88398
88700
89048
89327
89629
89907
90325
90627
91277
91440
91625
91951
92276
92624
92810
93112
93274
93599
93901
94273
94574
94876
95225
95387
95875
96478
96664
97175
97523
97825
98011
98173
98266
98499
98824
99149
99474
99776
100101
100263
100542
101099
101703
101912
102400
104025
104304
105023
105348
105999
106277
106927
107299
107601
107949
108274
108599
108878
109249
109505
110178
110550
111061
111479
112198
112848
113127
113499
113800
114126
114451
114799
115078
115379
115774
116401
116703
117353
117725
118027
118398
118723
119048
119304
119675
120023
120349
120674
120999
121649
121927
122578
122949
123274
123576
123924
124226
124528
124900
125875
126223
126873
127152
128104
128499
128615
129102
129451
129637
130124
130287
130380
131099
131401
132075
132376
133375
133654
134327
134675
134861
134954
135325
135627
136324
136649
137299
137624
138576
138948
139110
139575
139923
140085
140550
140666
140829
141525
142524
142849
144776
145473
145774
