69
1323
2716
3970
4643
5340
7639
7964
8870
10611
11935
13258
14512
15673
15882
17205
17716
18529
19806
21106
21524
21803
22128
22453
23150
23777
24404
24798
25123
25727
26099
26424
27097
27399
27747
28258
28374
29071
29744
30069
30371
30998
31370
31718
32345
32693
32995
33645
34319
35015
35340
35642
36316
36641
36989
37662
37964
38312
38730
38916
39288
39613
40263
40588
40913
41610
42260
42631
42887
43258
43537
44210
44860
45557
45882
46184
46881
47206
47531
48204
48506
48854
49365
49458
50178
50665
50805
51176
51478
52152
52477
52802
53173
53452
53800
54125
54775
55426
56099
56424
56726
57376
57771
58073
58746
59071
59373
59907
60000
60395
60720
61347
61718
62020
62600
63367
64342
64621
65294
65967
66664
66989
67314
67918
68289
68614
69311
69613
69938
70356
70565
71262
71912
72237
72585
73258
73560
73909
74536
75232
75836
76532
77206
77531
77856
78529
78854
79156
79853
80178
80480
80944
81153
81478
81827
82454
82825
83127
83800
84404
85101
85449
85728
86447
87074
87678
88073
88421
89071
89396
89721
90395
90697
91045
91556
91649
92368
92995
93367
93669
94342
94644
94992
95619
95968
96293
96989
97616
98313
98638
98893
99613
99938
100263
100937
101262
101587
102051
102214
102585
102910
103560
103886
104211
104838
105557
105929
108181
110828
111595
112477
113127
113475
114381
116122
116471
118723
121370
122160
123019
123669
123971
124900
126734
126920
