185
441
789
1114
1439
3900
5224
6176
6478
8661
9589
10216
10913
11517
12167
12469
12817
13421
14071
14651
15023
15301
15928
16602
17205
17786
18483
18808
20038
20317
20712
21014
21617
22267
22894
23545
24171
24775
25123
25449
26006
26702
27329
27980
28583
28885
29233
29814
30139
30487
30789
31114
31741
32391
33018
33645
34179
34876
35549
35874
36107
36733
37407
37778
38080
38684
39334
39938
40286
40542
40890
41238
41540
41865
42144
42492
42794
43096
43444
43746
44094
44396
44698
45023
45348
45603
45952
46277
46579
46857
47229
47484
47856
48181
48506
48785
49133
49435
50015
50387
50526
51014
51339
51664
51943
52268
52593
52895
53080
53545
53800
54195
54497
54822
55077
55449
55751
56052
56378
56679
57004
57306
57608
57980
58212
61440
62066
62693
63344
63947
64296
64597
65155
65573
65851
66478
67105
67732
68382
69009
69659
70217
70588
70867
71215
71540
72144
72771
73444
74071
74373
74698
75325
75975
76602
77206
77856
79760
81014
81316
81641
82268
82616
82872
83197
83498
83870
84172
84497
84752
85333
85774
86029
86378
86633
87005
87307
87608
87933
88235
88584
88932
89211
89559
89861
90163
90441
90790
91115
91440
91742
92043
92345
92717
93019
93344
93622
93971
94249
94598
94923
95248
95480
95875
96153
96502
96803
97129
97430
97732
98057
98406
98708
101215
101517
101842
102469
103119
103746
104373
104721
105023
105627
106231
106904
107229
107531
108158
108808
109435
110062
110666
111014
111339
111618
111966
112570
113197
113847
114474
114799
115124
115728
116378
117005
117330
117585
118236
118886
119513
120186
120790
121115
121370
121765
122067
129938
130914
