69
2066
2414
2670
4411
4667
5154
7082
7314
7639
8846
9450
9798
14605
15139
17623
18227
18784
19435
20363
20549
21014
21246
21640
21849
22267
22546
22894
23103
23521
23754
24334
24752
25031
25332
25541
26006
26284
26633
26958
27190
27585
27887
28049
28514
28815
29117
29350
29953
30371
30557
30975
31300
31602
31764
32252
32577
32879
33041
33506
33831
34110
34342
34760
35038
35387
35596
36014
36269
36571
36850
37244
37871
38103
38521
38730
39125
39264
39775
40007
40333
40565
41029
41261
41633
41772
42260
42538
42887
43096
43514
43816
44141
44326
44768
44977
45371
45511
46021
46300
46602
46811
47229
47879
48042
48506
48831
49086
49435
49760
49992
50340
50596
51014
51316
51641
51943
52569
52895
53104
54125
54265
54775
55008
55379
55588
56029
56238
56633
56958
57260
57515
57887
58073
58514
58816
59071
59303
65851
69752
88003
93228
101912
104443
106927
109435
110016
111920
114451
116912
118770
119397
121022
121626
121951
122253
123808
124133
125062
125666
126966
128174
128824
129126
129311
131935
133212
133816
135070
135697
138228
138901
139296
139575
142570
144103
144451
144753
145380
145658
146634
146935
147260
147586
147678
147887
148189
148514
148747
149141
149420
150070
150395
150697
151022
151324
151579
151951
152253
152578
152856
153205
153808
154134
154435
154760
155062
155364
155689
156014
156316
156618
156943
157547
158197
158499
158801
159103
159428
159753
160055
160380
160705
161007
161332
161610
161959
163213
163514
163770
164141
164350
164768
165000
165535
166022
166603
166951
167276
167880
168182
168530
168785
169110
169459
170388
170597
171316
171595
171850
172524
173104
173754
174149
174451
175032
175380
175682
176332
176610
176843
177261
177516
177864
178097
178515
178747
179141
179258
179768
180372
180558
181324
181556
181928
191007
192005
192563
197555
199389
200039
