139
417
743
1021
1230
1369
1671
1996
2321
2623
2879
3227
3529
3854
4133
4435
4760
5108
5410
5665
6013
6130
6315
6640
6919
7244
7546
7825
8034
8173
8498
8753
9102
9427
9729
10031
10332
10634
10959
11099
11238
11586
11888
12213
12492
12817
13142
13444
13583
13722
14048
14303
14675
15000
15255
15603
15905
16091
16230
16555
16834
17159
17461
17763
17902
18088
18390
18552
18668
18970
19156
19295
19551
19945
20247
20526
20828
20990
21130
21432
21780
22082
22407
22709
23034
23312
23475
23591
23962
24241
24566
24891
25193
25449
25820
25983
26122
26424
26749
27004
27306
27631
27980
28281
28537
28908
29210
29512
29837
30139
30418
30766
31021
31370
31672
31997
32275
32577
32879
33227
33390
33529
33831
34156
34458
34783
34992
35410
35642
35967
36292
36617
36873
37244
37569
37685
37848
38196
38359
38452
38800
38916
39125
39404
39706
40031
40286
40658
40960
41192
41563
41912
42213
42492
42840
43398
43769
44071
44373
44651
44977
45278
45603
45905
46207
46486
46811
47136
47461
47763
48390
48715
48994
49319
49597
49922
50224
50549
50851
51153
51432
51803
52082
52384
52686
53034
53313
53568
53916
54845
55193
55495
55774
56099
56401
56703
57028
57330
57631
57980
58282
58607
58723
58909
59210
59489
59791
60093
60464
60557
60720
61045
61207
61323
61695
61997
62322
62461
62624
62926
63088
63227
63529
63831
64133
64296
64435
64760
65085
65364
65712
65967
66316
66594
66780
66896
67221
67570
67825
68197
68475
68754
69125
69241
69427
69683
70008
70333
70635
70936
71122
71285
71563
71865
72190
72515
72771
73142
73421
73723
74048
74164
74373
74675
74954
75279
75580
75859
76231
76532
76672
76811
77136
77461
77763
78042
78390
78692
79017
79180
79272
79574
79923
80224
80503
80805
80991
81153
81478
81641
81734
82059
82245
82361
82709
83034
83336
83638
83963
84079
84265
84543
84868
85170
85495
85774
86076
86401
86563
86726
87028
87376
87655
87980
88259
88560
88909
89071
89211
89512
89791
90093
90441
90720
90906
91068
91370
91695
91997
92299
92577
92926
93228
93553
93855
93994
94133
94458
94783
95039
95364
95689
96014
96316
96455
96618
96943
97221
97500
97825
98173
98499
98777
98963
99079
99381
99706
99985
100286
100658
100774
100937
101262
101447
101540
101842
102005
102144
102469
102817
103444
104373
104675
105302
105557
105859
106231
106486
106788
107160
107415
107787
108019
108344
108646
108948
109296
109621
110248
110434
110875
111177
111479
112105
112407
112593
112965
113336
113615
113963
114265
114567
114892
115194
115496
115821
116122
116378
116726
117051
117980
118259
118607
118700
118909
119188
119536
119814
120140
120441
120697
121695
121951
122624
122926
123228
123530
123855
124133
124435
124784
125062
125364
125712
126037
126293
126641
126943
127268
127570
127872
128150
128476
128777
129102
129404
129706
130031
130356
130658
130983
131239
131587
131889
132469
132794
133096
133445
133700
134048
134373
134675
134954
135256
135581
135906
136208
136486
136811
137740
138089
138390
138669
138994
139296
139575
139923
140248
140480
141177
141479
141618
141757
142106
142361
142733
143011
143336
143452
143615
143963
144219
144567
144706
144846
145194
145496
145774
145960
146076
146401
146750
147005
147353
147632
147980
148282
148421
148561
148909
149164
149513
149838
150140
150465
150743
150929
151069
151324
151672
151951
152276
152601
152926
153205
153507
153855
154157
154459
154760
155039
155387
155689
155852
155991
156316
156618
156943
157199
157524
157826
158174
158313
158499
158778
159126
159404
159683
160008
160357
160635
160821
160914
161239
161541
161889
162191
162470
162632
162795
163120
163282
163398
163723
163863
164072
164350
166324
