11160.545245285486
13400.918112072122
15639.202425377149
16759.79989665346
17590.373740459956
18999.664492133452
20130.350057246254
22089.900267173583
24619.265944824194
26569.39124536251
68349.03242924271
69479.6581587668
71720.03817838123
73959.79953489793
76199.68326069157
78450.93177289896
80099.26139412924
80690.45119844646
85179.02109050308
87419.768127811
89660.16756227275
90770.87134656268
91910.91346019233
94149.00759458248
95259.06804284512
96400.47414461666
98639.39881644759
100879.2596719637
103120.4880446947
116579.18516315805
118820.61694008244
121069.11422829301
124420.66987286888
127510.53793048597
129780.59675198114
133399.1827146959
134529.685667568
136770.15371787746
139010.09463015335
140970.03731634526
143499.51686626527
145740.3288144419
147980.83755451636
150219.0126794933
