7079.030224882529
9270.273687885709
10080.227928771237
11450.958448485399
13630.487432394031
15809.241718088357
17990.124698012816
18809.890873731143
20180.76500379929
21809.333756409527
22360.74474777084
23450.3220515579
24540.388246328563
26170.909192472704
26719.85976854845
27539.96839957593
28359.517105334722
29449.76742649918
30539.61385178588
31629.42822417828
32180.10430877978
33269.25861307689
34899.48850017897
35450.55303896719
36270.25614432962
37410.29880335663
39269.752382612314
40630.05319372195
41719.26432558689
42540.13191912724
43630.841974677176
44990.313097380116
45810.19470949577
46359.392215339496
47989.058164643684
48539.72669422895
49629.680905212714
50720.51069862928
52360.458998739225
53990.511721862946
54540.47236503763
55630.755293778886
56720.94535950782
57270.177317457106
58900.80686740522
59449.78051012747
61080.26660750645
61629.1716284864
62449.02294314136
63540.69694380921
64360.714389709785
65449.20808292962
67079.29292944584
68180.772801677
69810.49222166318
70360.67839493348
71179.69412711734
71990.67447721078
72540.61917470396
74180.0933843763
76899.04113306991
78539.9375260325
79629.23762256038
80719.529606117
81270.596573054
82899.1022624972
83449.9489570756
84539.83170777933
85630.49371675015
88899.98644973892
89989.3078418143
90539.20938877432
91089.06044320716
92170.07327059745
93270.52707761063
94359.22035869723
95989.89725098961
96540.49428290463
97359.01280438786
98449.0251424334
100360.58658098582
101450.39774539297
103080.37649194038
104719.85986851164
105269.41300344783
106089.22540422289
107449.86392290569
109080.54290063589
109630.08122853492
110450.62719874183
111540.22091723446
112360.05516241973
113449.84474241165
114810.68904950231
115630.45926076153
116179.92736709374
117809.06738103477
118359.83050455929
119449.01796317581
120540.56184942722
122169.54492375287
122720.6889756619
123810.16138040369
124359.9060736185
125449.89598200486
126539.75460728406
128719.24641635778
129269.99882294524
130900.75799660377
131450.61309703765
132270.19347270933
133360.15172580158
134180.0881697105
135269.73411983377
136900.11665142534
137720.49200100012
138539.5294491858
139629.1317515537
140180.19433374927
140990.0162803784
141809.97485105236
142360.49668869431
143990.870773762
144539.88017514045
145630.35041863198
146720.05267360428
148360.3326598513
149450.15141781562
150539.15244444046
151629.01370636726
152719.2091666081
153270.04588370505
154359.44251347007
155449.59951629394
157080.4149621704
157629.8987987823
158450.61106114232
159270.72195931943
160359.89019910587
161450.9004443092
164179.80493771788
166360.434227964
