11740.18634177318
31739.857498308298
32689.78236206943
34119.4269229636
35550.85642181131
36499.52240820423
37929.16221245189
39120.697080806276
40310.336722980326
40790.41507648416
41739.637208192726
43169.818490201214
44119.39887627686
45550.194427248374
46739.25035267607
47930.81886026987
48409.79428999229
49359.801757467954
50790.16207457702
51740.99427687638
52219.796697452555
53639.9104667154
54350.316174075204
54830.01070075288
55550.11394360913
56030.32961458444
56979.674106702536
62219.681546545544
63169.505118855435
64599.29230111877
66030.08250054915
66969.37900360984
68409.42742322161
69590.92377124974
70779.43857761282
72219.57769307574
73650.18349495297
74589.33511019335
76030.18072698622
77210.06758648726
78399.1867357825
79840.38814431232
81261.00142706558
81740.65860781464
84119.54165416618
84830.47145672004
86019.0401964123
87929.21579963836
92690.75772889495
93640.86263462756
95070.6956905204
95550.68332889842
96030.36827876592
96980.39432651851
97929.08380167933
99360.43728440008
100069.28019213492
101259.20416313637
101739.55775781727
102689.50431510963
103170.43784732385
104120.26084544597
104599.61643204474
106500.55767869679
107460.29891899759
108879.30390985808
109359.81808839426
110309.15973519873
111740.73434307775
112220.83563807642
113170.36768778971
114120.13493198935
115310.34557303356
116500.77020560058
116979.38498144779
117929.57951601961
124119.48138631273
125549.8580917934
126980.41517920211
127930.72763833063
129830.73242057605
130549.0920443708
131739.21159645537
133640.12825017466
134599.2635960538
135550.60499594192
136980.2561302719
138160.71259571472
139359.9897633492
140789.01593452302
142219.22801555358
143169.05449686648
145069.3225793971
145780.61097152208
146980.31337927375
148410.15724922848
149840.9166902337
150779.93612287962
152219.08750632784
153399.1979208575
164129.54086861323
