2869.288975230543
7279.025244601068
8409.83467652479
10259.703522746506
13959.802522734024
15350.820308068855
16259.240397079484
17060.95827346841
17650.56540878154
18319.06740553024
19479.984037975893
19949.69781467166
20750.31530152918
22020.024819589795
22740.272603991965
24099.325378088506
24789.03587302555
25710.533816124032
26869.45930277286
27789.60002779001
28479.445361454025
30560.117271637097
31250.145421931196
31829.68367955001
32410.975667998777
33089.29185432511
34250.7869922164
37019.32063004349
37949.81276252728
39209.18187503586
39799.25800029436
40480.70405120482
41639.10465612197
42559.70792480824
43249.0123037389
64719.6856434928
70260.72506027845
73949.30915145161
77639.30231040661
79019.7521623432
79489.80224991697
80649.80633862602
82029.22589529755
84100.76633650469
88509.58980358132
89640.65096322056
90560.42991990845
91249.65152425165
92170.07327059745
93329.19787090158
94250.07455175638
94940.8187075769
95420.71895981034
97020.70294163545
97710.44904581591
98289.79102434417
99790.62177399278
100719.65709960861
101980.64121985914
102569.94626845047
103479.01112707454
104409.20770394696
105329.33831419941
106019.54854397685
106939.52832544936
108099.01843448772
109019.22037599375
110870.84114132677
111789.9227924477
113060.91178600713
113640.40863648006
114329.58055626505
116750.53527213141
117339.89613732189
118250.16579607475
122880.5243611487
126130.47819922362
128410.83762876659
