34289.90418240757
35680.87446983618
36599.636878140176
37990.43973848072
38729.56814712595
39370.29815222952
40300.8063553549
41220.62343634275
42139.77639891364
43059.557262574795
43990.95506612506
44910.97300174149
46289.062177144384
46760.36163335337
47680.30870420732
49059.21957281684
49980.57771733234
50450.22422734725
51369.29436583127
52760.4451139589
53500.296640661596
54140.15441410002
55070.03568673847
55990.094465832335
57369.83975767687
58110.37853954667
58760.36038328272
59680.77498210381
60599.338035364395
61060.994443802054
61529.98166769157
62449.02294314136
77680.01329532076
92450.91752910125
93370.064197802
95039.48321735275
95680.38584208938
97070.13023448654
97980.52516261721
98449.0251424334
100759.6893380476
101679.20752200413
102879.52160291627
103989.61427820753
105369.38733083311
106109.40814286194
106760.70385963013
107679.57881116366
109059.06137267005
109989.61195859911
110689.70121917206
111829.12332073388
112579.27823289612
113219.76514540859
114140.62402505052
115069.73038120105
116449.90090909544
117190.20110504246
118290.28356179291
118759.80900344948
120139.93163853843
121529.37284801208
122909.90437466658
124760.25027796144
125680.33576343628
126610.76791871474
127520.65264811528
127990.18417469566
128910.60020281239
129840.0305529051
130759.79209589062
131680.92952111817
132419.87351818802
133060.5380553711
133529.09343367373
134450.30396464482
135370.5506578123
136300.9889538171
137220.80339306704
138140.78977143276
139990.93853737434
140910.34718506358
142109.76392030844
142759.39257429246
143680.33464323333
144599.25778299727
145529.1885991186
146450.41870182307
147830.0045618258
148300.39951093856
149219.33964389103
150140.69450724797
151070.78204030253
151989.5938276542
177830.29904272372
