4350.866327973743
5430.994377955853
6930.726954090206
7780.834685543463
8649.265046502085
9280.173042822977
10370.19271559461
11209.942934392713
12079.085905904683
12709.16967847242
13789.88589366061
14640.380074968143
15509.33607699158
16139.259332241512
17220.301782184368
18069.742879860507
18939.484639462844
19569.036067438963
20650.52453455777
21499.792985090382
22369.048245285565
22999.06722320002
24080.001466512505
24919.3196857137
25800.920183956514
26429.69332432677
30939.21817737759
31780.933463382768
32649.5707701352
33280.94953040309
35209.17444299246
36080.17808559014
37800.06963251228
38640.03701620901
39509.00940634127
40139.50278740561
41220.62343634275
42070.504144771825
42939.83144331524
43570.99917832259
44650.1423713336
45500.59602600072
46370.57475035847
46999.645255306685
48079.00621852864
48930.19725432462
49800.78553364783
50429.65114795804
51509.74649611334
52349.11118943057
53219.344236348945
53850.36709474097
55780.93190704452
56649.24863732168
57279.45895258784
59210.570183642
60079.42958737628
60709.939128383005
61789.677565999795
62639.93019257547
63510.43971295257
64139.11950747227
66069.36870315204
66939.09074570282
67569.63116918535
68649.85270133811
69499.16577632484
70369.81220363137
71000.88936238113
72080.64624636127
72919.96755006563
73799.90856044373
74430.407585417
75510.44194601348
76349.5873063849
77219.60490281355
77849.41363719202
79779.3530441015
80649.80633862602
90069.84910135873
91569.49807623746
93500.88291909917
96929.8488917884
