14980.58260053479
17089.37063410467
18360.528570326813
20470.475747923698
21580.39701817426
22580.36225427672
24269.62195833788
25120.130297045613
27230.95859292321
28339.825192675962
29340.089848314423
31030.06772595009
31879.822579513442
33990.660413815145
34839.85892839725
36099.31126925335
37789.447527390555
38640.03701620901
40750.958799715634
41599.39688605576
42860.96600774059
44549.2091466513
45400.58390066476
47509.808925069934
48360.74081861209
49620.47912566913
51310.12205686398
52579.408191367824
55960.073947098936
56810.39735801183
58499.09794855357
59770.4417799751
61030.12695060552
62140.419738643024
63149.2332522385
65259.82319815301
66529.23775131158
68219.16310678056
69479.6581587668
70329.68873242792
72020.08222815079
73289.90860459753
74550.6261317512
75400.6481271045
76669.66594048208
78360.53947554535
79620.45106751876
82579.79007705626
83429.0242246503
85120.03371653026
86379.13498192329
87229.32270779037
88080.66576405166
89340.71119075657
90189.5311134021
91880.46307873714
93149.79221733204
94839.92812537857
96099.79929203988
96950.81854324695
98639.39881644759
99910.90623555936
101600.57768436299
102450.50565563932
103709.07533986426
105399.85034680874
106670.81654120825
109630.08122853492
112160.84851092444
113429.60040629357
115119.88916778205
116390.50746889945
118919.89504882022
119770.3124292805
121879.38459420174
122990.19228601106
123989.63120924041
125680.33576343628
126950.75808196786
128220.71189977488
129750.19859137388
130750.24321867664
132439.74158162103
133709.35062667602
136699.56364868092
143699.96718566844
