28180.184469704032
29830.044548346013
34749.4340112362
40509.35816148578
42969.95147236484
48730.074771970576
53660.89003170976
56129.98384507231
60240.048479400124
61880.5620749562
64340.53108620697
66809.62615930907
69269.27982395237
70099.62344589601
73390.47150271821
75850.72154769451
77490.93105266031
79959.61873759302
82429.5661686867
84070.35682340825
87359.31834788178
89009.0694750982
90650.9090813024
92290.87734524213
93120.22103576486
95580.85038931292
96409.15786141604
106269.53195726461
