40199.60008704663
45219.66472518393
59500.855148117116
61710.81232356923
76180.47974554727
77380.11977710473
79390.53104801715
80590.71701273439
81810.3238076188
83210.11903072344
84219.1903061804
85820.33639495188
86640.42620235562
87830.66443018366
89039.80033315267
90250.62290181348
91459.17015669108
92860.36850581107
93870.06604716394
95079.84532182256
96290.98645606346
97489.14285561835
98690.02719152544
99510.55872971097
100700.58510924238
101910.20616258256
103520.65268811572
105130.8750839183
106329.31890668943
110770.62041942988
111970.27420205959
113170.36768778971
114379.33838599837
115590.91599217051
116800.00380769727
117999.59916186518
120420.08256692503
121619.9540217626
122819.59024023236
124029.63520839061
126040.26265916486
127650.71591374636
129249.41330435524
130069.0436459318
131269.40416304584
132470.4698617553
133289.39791212743
134480.5505533956
135690.81437528675
136900.11665142534
138110.6175903909
139719.44482921812
