1069.3254102169135
4310.849082106396
6340.7717963611185
7550.762108873677
8370.783302592365
9579.038970278869
10799.886011035915
12820.701826415203
14040.405624093974
16060.949404802415
17279.58199673054
19310.018521292433
20529.731394936534
22550.795978189228
23770.80992833596
25800.920183956514
27010.977980696603
29039.366711694474
30259.352822750418
32279.245296043173
33499.361551515714
35120.30469183272
36740.59050768553
37559.66399961091
38769.46046910367
39989.471329582695
42009.62806394493
42840.99471396208
45669.722112393276
49720.155551945856
51210.61553933785
52159.78486950575
56200.82297602895
57699.644860592634
58639.74750675586
60050.013059893994
60939.9014166318
61880.5620749562
63500.84403040126
64719.6856434928
65930.03655344498
67959.18065593907
69180.5256557995
71200.6300391383
72419.44177147416
73230.82631448148
74449.16064987688
75660.85874901066
77689.23048536024
78910.47876581915
80540.16813633995
81539.39264009245
82959.61151607874
83780.18972962946
84780.38836959013
86890.60740995701
87830.66443018366
89320.50744839726
90660.16677596809
91880.46307873714
93370.064197802
94189.51930438397
95119.47386289285
97149.7725677926
98359.46977137473
99180.65600671398
100389.37622428568
101610.49339807099
103630.9507355902
104850.31529446751
106869.62167171143
107700.23058219157
108910.57347124144
110119.68994219831
111339.99392902863
113359.61578931264
114580.15052088845
116210.86409298668
118640.56082152485
119849.11962586455
121069.11422829301
123500.53159086555
125939.2916205061
127549.62967362652
128370.79282078955
129580.30006158518
130799.22734317617
132819.36217581574
134039.82509812404
136069.07940883655
137280.2989728654
138099.38860250916
139310.84078841054
140530.54313938765
142549.2919147711
143769.7862426636
144580.67088401417
145800.90466659158
