25869.005523826003
26670.95977761009
28680.14918349183
29870.257653588058
32080.625565296188
33070.75059721518
35089.68631597246
38479.844593382564
39470.88055560843
41479.050642380134
43280.92552694928
44880.140975124144
46279.06889218747
47880.579248141745
49069.709905449214
52270.801849872994
54279.85735958549
55469.83305509059
57680.71784079186
58480.748585344096
59889.08601304151
61869.05179396335
64080.89673645604
65070.88934364246
67079.29292944584
68269.55226654647
70480.89779581944
71469.83382098893
72690.42524164956
74669.00401174978
75470.03038135411
90670.72079595941
93870.06604716394
97079.70093296393
98299.87889751597
103470.58423223515
105479.52261508728
107279.70818109937
108879.30390985808
109679.73516400375
110480.99513258455
111889.87843111026
115469.69695944196
116679.60757364465
118279.77594290239
120080.01889986401
121679.25999452952
122480.3854464222
123280.79898514693
124690.33449046087
125869.04791883001
129070.78165387346
131079.61957222808
132270.19347270933
134480.5505533956
135879.758634325
137480.45377254684
138669.47526745766
140880.38115586087
141870.06056433957
143880.31702654247
145069.3225793971
146669.7486216926
148079.1215868184
150279.53301865456
151470.52558746186
153679.88604869507
