4260.74345501766
10409.043191899382
12999.640816288698
15390.570536733765
17060.95827346841
22670.434998789708
26659.81344058137
28259.492231041237
29860.037671363236
30670.220414263316
33860.19818443091
35460.51398938689
36260.661994492424
37060.71773116134
39459.93583037746
41849.29891795178
42659.65740527105
43469.71587942175
45859.73952315437
46660.85604024041
48259.00265788782
49059.21957281684
49860.05347491708
52259.41834736633
55460.59117344735
56270.588891707484
57459.93969934147
58470.92284741169
59459.05233383664
60660.69436503484
61860.74109628725
63060.22533586208
65060.42182558333
66260.21079221136
67449.5220937615
68260.45723511337
70260.72506027845
71460.78829138575
73459.18754072388
74659.18717358452
75860.50538534585
77859.0345941966
79059.83965213635
80250.76558380929
81060.1407036778
83069.86286509037
84070.35682340825
87459.5731230501
90470.53718292214
91459.17015669108
93860.9934264133
95869.2335592194
96870.82040351102
97860.22586079738
99460.15913576342
100260.45579836151
102660.10808785885
104260.03199342752
106659.07107545264
108480.56053236319
109669.78353839347
110659.21793069254
111860.80978064319
113060.91178600713
114259.29210498204
116260.11728385936
117459.89334072573
118649.30608189401
119460.14237499297
120269.67290048895
121460.01853560214
122659.23983969202
123460.85707891648
124659.16633057162
125860.2487122707
127059.07559079121
129060.83572253377
130259.44864926569
131450.61309703765
132260.93779896197
140999.2068818426
141820.09806391777
147069.20670624397
148260.38091393886
149680.2477604413
150659.1651918649
153450.34728708587
154670.98921856598
157049.37791877176
157859.67048085318
159859.93631198845
160870.16837763044
163059.9609430988
164260.6847468243
165460.44442053905
167460.28406896594
168659.8345419386
171079.79155312025
172660.6853527053
173860.87165825302
175859.41738774913
177060.88146461904
178259.36363484192
180259.3774369079
181460.25148151533
183459.64420278452
184270.72299278487
185460.11932051188
186469.38613209387
188660.18913202296
189859.31823063313
191060.16836864268
192460.72028918145
193849.4023592106
195450.95853934137
196259.33383578155
198259.64384171698
199269.78811155172
200260.64503887613
201459.36981153162
202660.0063772932
203859.26559418908
205670.91121162387
206650.95278891257
207460.0324234123
211409.8859866169
213679.1375990032
218619.6396105232
220199.07173823114
227469.6165322065
233900.5009881103
