1029.8642217406496
9839.45096870832
13830.77694745772
15630.082241464763
17039.07525067264
17839.154930464698
18829.283800203357
19829.379304932692
22039.13907084937
25230.285893595876
26630.077233317108
29840.82031614138
31639.21232094879
33029.2695369418
33839.62293322304
34839.85892839725
36240.283512874514
38029.864185609804
39030.442709337534
61040.417306602205
65839.42714284833
67439.14363621254
70029.51606464497
71439.42831623342
73230.82631448148
74229.214092911
75439.56466954421
76440.6537673183
77840.01497095391
79629.23762256038
80630.47254275234
81840.65256724684
82829.76860982095
84240.94172983765
86029.76494051193
87030.75060459056
89239.96090732563
90640.91279676369
92429.97439941054
93830.44034950029
97839.20526970498
99229.97091031492
100229.6139392107
105230.26540209897
106229.7078959266
108440.14456317332
111629.61215570204
114840.54815539838
119030.7676980073
120239.3530136338
122640.41150680366
124439.51384570138
125440.65253105774
127640.1544864604
129040.08724849694
130439.66575695165
131439.0049419332
133040.35877188726
134039.82509812404
135440.45018150468
137240.3361667302
138229.95152807454
139439.66622384358
140440.71466656012
142629.70743382061
143640.1425425309
145450.64114588223
