13389.57781931803
14159.152109229457
14929.50677380114
16469.203074146146
17240.623433984783
18779.23684583561
19550.793440671492
20320.910852564135
21090.225833555785
22620.532241449335
23400.686674278877
24549.023224825763
25700.345081918447
27240.4883650957
28010.01865216745
28779.847353727193
29550.273082639193
30319.756571397615
31090.352082772963
31860.331421525316
33260.45686449936
34160.02797502777
36339.85382214435
37240.35452345165
38010.465679706125
38779.936696359735
39550.10037001931
41090.101470702546
41860.60191822898
42630.84544349486
44160.52199774214
45699.16168687862
46469.222749843655
48779.67172389228
50320.8748277755
51859.075660182025
53390.688839940376
54929.15492268976
55700.98540673555
56859.56830089613
58010.65871034903
58780.244892043185
61469.07036809139
65700.93785098464
67239.6161337328
68779.03240624824
70319.93787157498
71860.01690554651
73399.9051093768
74929.75116893186
75700.53374552126
76860.25822918487
78010.3438970597
78780.98206287992
79550.24121151872
81089.49114199562
81859.84985878179
83010.46232934983
84159.8858860395
85700.60602625176
86469.93742303844
87240.21779052167
88010.28182451504
89170.15269888016
90319.40395469805
91089.06044320716
91860.74885654391
93390.09565252459
94159.89476557601
94930.66247934388
95700.79230543591
96470.72089537865
98009.72447502949
98789.97170935667
100320.43587898415
101090.8032897982
105699.4860539757
106470.20562872312
107240.49442650154
108780.77593726752
