14430.30444748717
16439.828249853632
21320.99704948353
23939.311577867018
25820.238535029075
27560.31065359536
28629.68434416862
29559.49296025613
32430.854539740565
33319.20542636258
35560.34262322701
36319.26630318726
37309.02157605074
38430.00696333871
39929.111332326436
40820.75175340999
42559.70792480824
44190.95453565949
48939.03284359983
51930.611542650666
52820.45669870588
54319.973353546906
57929.22845610071
60320.1931564767
62430.55668702639
63930.68073174267
66319.72985782452
67439.14363621254
69930.25514829227
72930.1944238577
74560.15539532919
75930.33838426997
76819.34243202259
78559.34476369002
79440.8781142207
80940.81040501829
81930.55863459499
84539.83170777933
86430.2688278348
98560.38265436202
99320.59493656548
101560.58111192842
109820.44222659752
113200.33744717423
