20529.731394936534
31020.352109676776
32140.642293554378
32890.74764660823
34019.163870869335
35140.81211407834
35899.34016910823
37769.55680249424
39269.752382612314
40779.61015132027
41899.4003338762
43019.69778086476
43779.47635197137
45890.499889506216
46780.85154110903
48279.00260147475
49769.652609623765
50899.06055246674
51890.8425479588
52780.7950178073
54140.15441410002
54890.62883702123
55780.93190704452
56899.071344813216
57889.56295080019
58780.244892043185
61019.530334047864
62150.78036210869
63889.012129592265
64780.62521953906
65899.00449406418
67780.01669085649
69660.87170362906
70770.82061942971
73779.49367320766
74900.56330618101
75890.30587028549
76770.50597643433
78140.79057252055
103020.25171724804
104390.69710020516
105269.41300344783
106019.54854397685
107150.69597926944
109019.22037599375
109769.72244080513
111269.59616682873
112770.72669359847
113900.97497871633
114889.88778869524
115770.25019979702
117889.24921071684
118769.96434690549
121020.38626697319
123890.12861717533
124770.68727452864
125899.66245249189
126889.98744031269
127779.32821012572
128899.75628836647
129660.68025481491
130769.67106292082
132279.99971279435
133770.4187197581
134899.6880351545
135890.3546085432
136779.12491379035
138140.78977143276
139770.05827217823
140899.9937586659
141660.02741832522
142769.3316132827
143900.24394609494
145019.93978841364
146140.46149390392
146900.05535016066
148019.6774124325
148770.56395549705
150140.69450724797
160019.42867840268
