4029.3647185215304
10030.195344567372
16030.418717220691
25020.545143848947
25780.620425417263
26900.92960281333
28020.66432476929
28779.847353727193
30279.498175304634
32900.677069826976
34019.163870869335
34779.58795292152
36280.36034125676
37779.36705236958
38900.98061417772
40019.982341394556
40779.61015132027
42279.816281936255
43779.47635197137
45280.844794696786
46780.85154110903
48279.00260147475
50149.06654549264
55399.51299045428
56150.76939198637
58400.08634515062
62150.78036210869
66650.69423118306
73020.61784421184
74900.56330618101
76020.2181637813
76779.67117956269
77899.35836284864
79019.7521623432
79779.3530441015
81280.8138464465
82779.46281751564
83899.5090842715
85019.80513045682
85779.17909585619
87280.47778852991
88779.2572222751
89899.13134952655
91019.19262040807
91779.37185798823
92899.89005810457
94770.37230164885
95520.97380101119
97020.70294163545
97780.883340363
99279.23157199961
100780.73335705257
101900.26899620531
103780.85304122206
105280.16970347454
106779.43108791138
107900.74082243387
109780.83012871035
111280.07281905015
112780.3884377937
113900.97497871633
115020.1749697274
115780.46666613752
117279.25558039687
118779.76132581908
133399.1827146959
134150.31099653826
136399.47214297985
137149.63294495543
138650.04993249124
139400.26294319623
140150.43967196287
142769.3316132827
