4050.403119074051
4800.6106692066205
5910.127062417184
7030.873724105747
7780.834685543463
8889.856985403858
10009.612693240933
10750.404626864332
11860.432681785423
12980.078912423207
13729.161800391596
14840.120059072537
16699.97045058517
17820.05334991233
18749.764777567034
19680.09339463979
21539.112490187872
22280.942464953645
23770.80992833596
25630.35428408126
26749.93553518592
27850.651908310156
28610.355635234115
29719.84937631522
30839.323094357376
31580.653582637668
33070.75059721518
34189.571066351884
34930.88927474602
36050.94623107427
37540.4877578304
38650.4670956964
40139.50278740561
40880.925287233134
42000.10721929998
43479.06314379421
44599.82817235704
45720.15803373496
47570.86896531166
51670.93352093157
52780.7950178073
53530.19888358097
54640.82491509161
55389.39056204221
56880.52462585132
58730.615075272406
59479.71677020191
62829.87792305753
63950.8724525414
65429.023078911014
68409.42742322161
69530.06071070205
70640.92019087718
75850.72154769451
77339.09563682883
78450.93177289896
79200.02668940197
80309.96760496593
81060.1407036778
82539.50217284844
83290.13411692748
87329.03823140796
