1110.2243397551888
11599.02515571267
14849.446651096157
16299.172528087138
22079.902783327656
24969.677169234903
26080.732489519905
27860.894306654693
29310.683632233675
30770.754157687574
34009.277403562155
37639.88602779596
39429.37871490018
40520.175345621945
42340.94113024185
44490.602875815035
45589.360618563864
49209.80830463001
50989.57248361834
52440.08793738985
53170.572556627674
55330.48008405466
56779.97743325689
59310.765380109864
60050.013059893994
62559.84305615096
64009.78991316308
65449.20808292962
68720.15095073872
69789.09116417138
71240.65287413492
74130.19924477977
75229.31967483537
76310.98575827584
78460.49937074333
79189.5143299446
80270.04015525094
81010.2370657289
82799.56179954114
85689.5513938653
87139.4048143627
88969.01713669609
90029.4624715869
91479.65453266686
92230.69068639193
96179.31677866034
99069.50101569465
117499.4241257091
118610.96473191731
120390.63550777579
121490.45149392907
122220.82556307547
127620.40710960668
130170.29277641092
131960.41452525853
133399.1827146959
134849.1111399949
137020.42296154553
138120.39507731725
141740.7307999598
143529.75367477752
144970.47271560316
146419.52574341916
149670.65325759276
151009.83209782638
152580.60379471866
153649.719330341
154609.46092939939
161250.31928763166
174630.27231090728
