23620.868308399855
24330.00391528673
25740.396864454404
26449.130500339113
27369.50302095682
28559.28477007316
29269.001503574353
30330.59630810183
31390.58693370305
32800.13504744745
33509.62809187081
34420.121589585906
35619.98336564558
37040.279960342654
38449.13465336582
39509.00940634127
40570.79232079858
41830.19926375699
42680.63012734944
43389.944202083716
44650.1423713336
45500.59602600072
46210.68012719469
46920.547175300126
47980.1014416652
49029.828301102454
49739.50589898971
50450.22422734725
51329.002374166004
52070.82714994619
54210.96810410859
55389.39056204221
56450.98359870288
57509.25217983199
58770.7243966339
59620.86268751236
60330.03359616335
61590.397196316204
62449.02294314136
63510.43971295257
64420.526772121106
65269.104116482595
65980.09642128588
67239.6161337328
68089.6308605146
68800.30130464761
69510.14432761814
70909.71786121163
73739.9951482034
82210.57206251106
88080.66576405166
90330.84577858185
92089.2190280718
93500.88291909917
94920.5322848444
96330.21874999886
97739.15001581275
101980.64121985914
103390.57903628511
104800.80219153047
106209.2119099847
107619.19157329379
109030.46476476935
110450.62719874183
111860.80978064319
113270.8571798423
113979.73224023997
115269.57669878326
116089.38266633789
116800.00380769727
118089.57939525456
119619.02766797823
120329.87501739278
121390.75567877697
122449.94694793534
123710.39133090379
124560.78329030979
125269.7838723583
126539.75460728406
128090.35976128672
128800.61289739313
129860.15627068577
130769.67106292082
131619.44901417213
132330.1186576343
133390.72043987684
134450.30396464482
135510.4560023066
136569.55424788865
137860.1046488786
138679.82551016673
139390.85156837525
140660.9510260747
144329.51279478474
145040.14867304856
146300.1937111036
147150.46408280634
147859.66149182862
149270.21167796347
150679.259161726
151389.62937250646
152450.1109990422
153360.88713938493
154210.95688799772
154920.08985117535
156329.26963261518
158090.1826547551
164800.59449079118
170099.19117485342
175389.10444500743
179979.49018524468
181390.5885199406
183040.05223364706
184559.33058080575
185269.52741447868
185979.84864492077
187389.1229946156
188649.12554618632
189499.3829529655
190210.0834246038
190920.5219371254
191980.60880303188
193039.89067790733
194300.4010254917
195149.1074080919
195859.88904017003
197119.37099085015
197979.70134827553
199390.68513713984
200100.0257280422
201510.44784362818
202769.9134265228
203619.86682718934
204330.0877536068
205740.52581898335
207150.8491408816
207859.64703870437
208569.3562444311
209449.93144226118
212089.16146068458
212800.82603499
214210.9420175584
214919.09945984246
215629.0447495916
216890.01507054767
217740.75229737267
218450.08425579738
219710.64982459947
220560.57435031113
221269.01042707046
221979.96624227025
223040.67612356637
224100.68409488216
225359.95772729983
226209.49953980854
226919.02235431934
228210.2054310354
229029.47421865308
229739.81160980757
230660.11205991847
231860.80261576333
232950.0216251082
233830.91276347562
234680.96579999555
235389.4390069243
236650.08221234
237500.92809025766
238209.84301887912
238920.32617781655
239980.7238183356
241040.23742398582
242300.65529281626
243149.4275751971
243860.41741852518
244919.05098205886
245970.13891383723
246679.3913148428
247389.86377149902
248449.68332639153
263620.68772340025
271459.9969656059
