6529.984299024866
7749.751470041775
8809.84852079201
10039.07786513
11280.47633767079
12339.383191488649
13400.918112072122
15160.422770275765
16220.0828676566
16929.625899936258
18510.008669070507
19749.263111144483
20810.52443946534
21870.53763264458
22919.082518105395
23630.451700160123
24689.85990683897
25749.70442258853
26459.14550533628
28220.458606521363
32099.897779351828
32810.33567851984
33860.19818443091
35450.55303896719
36690.03315398262
37749.09129496604
38809.412450407246
40570.79232079858
41630.16436654706
42340.94113024185
43920.96881778693
45160.45019150509
46220.62662574075
47279.762775411065
47989.058164643684
49039.925965767194
50099.22561623395
51160.11001001908
51870.54602142687
53629.78313138414
64570.10799514941
65630.05461392216
66339.14192354317
67389.56661193531
68449.40194341571
69160.876207109
70219.9595132752
71279.71693974969
73039.89709919292
74099.8191191202
74810.83674021135
76389.45145605203
77630.60574135656
78689.86137966592
79750.96416688267
80459.83833005547
81510.48478400828
82570.98784842619
83630.10441401487
84339.03945145979
85400.94364374067
89979.45250572338
91040.49573610099
91750.22854200586
93329.19787090158
94569.94139427932
95630.31069704816
96689.84399429536
98449.0251424334
99510.55872971097
100219.53077792659
101279.36213717317
102329.11226084841
103040.6777001099
104099.89614686187
105160.07742311926
105869.55317824477
106920.2699358894
107979.21339864057
109039.11056583186
109750.51731415026
110809.529612984
