1119.7501115755374
2189.0270440298805
12420.7027137658
13480.299741575946
15069.179485401031
16309.798675906062
18069.742879860507
19130.07379997794
20720.17280256884
21949.06859442116
23710.055538181565
24779.205846631474
26359.624051154362
27600.9920727159
29360.39760501462
30419.773048838644
32010.294216151466
33250.66299924779
35009.949440976
36069.403558262406
37659.12639295514
38900.98061417772
40660.89773523938
41719.26432558689
43299.58786967264
44539.445966059444
46309.97238274977
48949.67515900229
50190.02177820512
51950.674250085714
53359.82441592177
54600.971195097365
55840.65951969369
57600.89197520698
58659.113079450886
60249.11615148366
61479.87229205657
63250.07124133317
64309.96162485934
66419.997945903
67129.86236639839
68890.1427993143
69950.86678405023
71540.9563154908
72780.4601811745
74540.628338773
75599.09208094206
77189.22937066923
78419.21967944957
80189.34865259507
81250.02109643859
82829.76860982095
84070.35682340825
85829.80659071005
88480.31350691605
89720.33734459672
91479.65453266686
92890.6214238332
94130.6225968739
95360.9635611089
97130.57135503854
98189.79471321634
99779.28194591371
101010.72078097516
