11789.871431650809
23499.5680862013
24879.184073246004
25569.95658179465
26600.67321835052
27639.819114149246
28330.966137073974
29360.39760501462
30400.236024437567
31090.352082772963
32120.28193079471
33160.274991239196
34189.571066351884
34879.33602723517
35919.34878692972
36820.93077750446
37639.88602779596
38669.249005667996
39359.62717852313
40050.469235377386
41430.62907466432
42469.07686283936
43159.4417580381
44190.95453565949
45219.66472518393
45909.84770880056
46949.474478433076
47639.737185246995
48669.57813497414
49709.4901371986
50400.6868965523
51429.03353622187
52470.666599050004
53160.89219974671
54189.14989015432
56260.32114505074
56950.69356361339
57979.2435494549
58670.41662455184
59539.519640111204
60270.981745846155
61089.03568918377
61780.28586878971
62470.89972375967
63500.84403040126
64540.5294382291
66260.21079221136
67289.12615123323
67979.49585624853
69020.05232482533
70059.07970939997
71299.62238967032
72120.52525978198
72810.56835633288
74059.30549660297
74879.39118507454
75569.56364109865
76260.74704641693
78329.66677677717
79019.7521623432
80050.51488285311
81089.49114199562
81779.77216645876
82809.0306338234
83500.67866513255
84539.83170777933
85430.13499142315
86260.64076912764
87289.4777395248
88330.38515319256
89359.8064884739
90049.95495674736
91089.06044320716
91779.37185798823
92810.31602757848
93849.09157337665
94540.18169529398
95569.53215194446
96599.5468058883
97290.89667047796
98329.44121457326
99360.43728440008
100400.79394159834
102119.69206844541
102809.42997512533
103849.0619233211
104879.68004017422
105570.25682256633
106600.16128331453
107639.66599558385
108330.5509212253
109359.81808839426
110400.40016404146
111090.25874926816
112119.10243324899
113159.33171096616
113849.10713610127
114709.43249190589
115440.78406561629
116260.11728385936
116949.8092448466
119019.38382138831
119710.54387611597
122470.53296751878
124190.34248702801
125229.21552693311
126480.06013393517
127289.09201717634
127980.49903532161
129570.61099485858
130400.6842534726
131430.01192048413
132470.4698617553
139029.90747572336
