23030.981302056094
24739.097358590774
25589.70268958764
27489.133923436486
28180.184469704032
29210.478317446938
30240.42550374952
31270.3687475136
32300.886300982682
33340.73341047851
34710.903271601666
35729.92420282621
36589.53087154169
37459.37582563161
38479.844593382564
39179.05121702449
40209.953740152574
41229.4474590637
42260.93731685613
42959.213263456
45020.68244962656
46730.66536543905
49479.37666625058
50520.36733607718
51210.61553933785
52229.769348371985
53959.54137757187
54980.944509753266
56020.627385464155
57729.017088501925
60469.65086996061
61169.741914882055
62209.68717412028
63219.53563170691
64260.32821022122
78010.3438970597
79719.35273625095
80750.94761839263
81449.01080949223
82819.4644934729
83510.93676258948
85220.57015113198
86250.72048188937
86950.8413725148
89009.0694750982
89700.76798321436
90720.2815360334
93820.26171785148
95200.59399285265
96210.68626872513
97939.25166242142
98970.47876344118
100690.79364598129
101709.98021056941
104819.1263772938
106190.71885375949
107210.63752893759
108940.46451431273
