1990.3095929260114
2679.2979042147895
4040.33761202429
5389.222630567087
7430.664709457655
8789.850381429858
10829.369451936453
13550.256660465371
16259.240397079484
18299.187228419945
19660.147602618927
22220.453713713778
23740.075441348246
25099.91395105998
26459.14550533628
27149.102022606385
29180.89562605358
30539.61385178588
31899.720651129202
32919.62975549009
34619.63133162511
38350.26809936363
39249.19336982265
43469.71587942175
46509.72580704121
49229.97089201289
55000.95371633537
56359.830556098634
57379.45257546212
58419.661228314115
60099.83929484424
67230.34987279956
68440.63285917431
69950.86678405023
70640.92019087718
72669.91335944626
75389.01608049523
77090.92398684927
78099.5304329231
79459.62902618732
81840.65256724684
88310.81653957431
89329.13274156854
91999.8403938074
93289.03209945397
96079.8273826919
98169.87942014098
99190.62127384359
100199.29260779316
101530.79449746561
106950.23781376914
122949.88277140222
123649.04805762578
130040.45342451912
131789.95281523262
133489.6297959651
135180.9695234847
136200.78553252757
137899.45530020024
139260.4336590745
140620.0215915441
141980.846107187
143000.97008380853
144360.17333373116
145380.42677334754
147069.20670624397
148770.56395549705
150129.5369792818
155020.71323967713
158180.50416669992
