1159.7503336902987
5889.187814352356
11960.181481864087
13979.933380711112
16680.078530900053
22140.212603532866
23409.708710867093
24090.718364503286
25439.48537932326
26659.81344058137
28139.83985491428
29170.960693460154
30160.995145479985
31190.213171516738
32050.207604882453
32849.29703330961
33530.48226297584
34879.33602723517
36230.91760101637
37779.36705236958
38919.90791012637
40139.50278740561
40950.942853572815
41950.77366974921
42840.99471396208
44319.86363789614
45329.83874669858
46340.15053758311
48360.74081861209
49709.4901371986
50739.92201645117
51740.99427687638
53759.70439704265
55099.1353039365
56450.98359870288
57799.872265549326
59149.496311885654
59829.98412056527
60830.184570861544
61520.389394238446
62519.82646192202
63579.1582604624
64410.567051568476
65209.93463548831
65889.65862422502
67110.25461438566
67910.92706230028
68589.05230031845
69600.11405117702
71279.71693974969
72299.79853533475
73309.84349491888
74320.09921417215
75199.10577060755
76000.56550156794
76679.66834736703
77689.23048536024
78699.76016338625
80030.04189674952
80719.529606117
81399.974240542
82409.24021370999
83290.13411692748
84089.93857197637
84770.28234861103
86789.92134635124
89829.42531469431
92520.4238808767
94080.23898195937
95560.59126663202
96909.04322916143
98249.05930604479
99599.01563623613
100490.74006638455
102629.55552998334
103310.6593979689
105329.33831419941
106349.27229991643
107690.96622478105
109039.11056583186
110380.48153955731
111059.91310494737
113080.58071857144
114429.23256774365
115460.63378039675
116449.90090909544
117130.64883081349
118480.1899011791
119819.76267411132
121170.6482616837
122179.03609007348
123180.31710737941
124080.8285924571
125220.45164617752
126899.10689235407
127609.7914979206
128299.5746316667
129129.91162059955
129930.09959492725
130609.86849639798
131960.41452525853
133309.90192935715
134319.91261876523
135999.52237321454
137009.68989996493
137690.74674344473
138700.1769787861
139920.37720058233
140720.64751571254
143419.0001852784
145100.5170245295
145780.61097152208
146790.0857625044
147799.73240834152
148809.68736952706
149490.2957578338
151509.23628268664
154879.62169314473
156570.7577472203
157579.05595991615
158600.920068256
159600.44781481565
160279.01674605435
161489.32068644586
162970.2223251566
165210.86529671826
167359.81615019115
168370.98341547407
170050.1312211232
171060.72673771533
172409.45723608695
177799.26823656607
178479.18697794757
180830.66931680456
181510.577242352
184540.6229586977
185890.29556366827
186569.7601443977
188589.6867171223
189270.95379973808
191150.31428769397
191959.3984049164
196679.9812406523
199369.67069482876
200050.00124677064
201060.24569951397
202410.81997737408
204430.0319728972
206119.72912395178
207469.71776638317
208810.10792899103
210160.44136132108
210840.74344241395
211840.52221489375
212729.29059537526
213869.7989765306
221620.3177638866
225999.7224188756
227690.4039151887
229710.87642779495
233079.50402269326
