1400.495816993457
2570.8597053902436
3419.130145087629
4179.641116603889
5270.985445888357
6790.947872254375
7969.529627727325
8809.84852079201
10160.677119458058
11169.484407248565
12180.410359360045
12859.171049205725
13869.63178626002
14880.489878031873
16060.949404802415
16900.990752431244
18249.26407037037
19599.855019338393
20780.019601645556
21620.354308061447
22969.783521890447
24149.72143396265
24990.41609433861
26339.849866222878
27349.518835351402
28359.517105334722
29230.408711175252
30049.14637813758
31060.928165096895
32240.360950868002
33080.41158189936
33760.09485892972
34630.23268784203
35439.318357064636
36450.709258892086
37130.77896541126
38139.619262019514
39150.983499002
40500.70337262459
41839.90244645859
42520.164869758584
43869.87375418567
45219.66472518393
46230.499814318704
47239.45986888957
48420.562562841835
49259.49555315528
49940.485704619205
51110.05516737197
51960.02277457523
53310.274633076384
54319.973353546906
55330.48008405466
56510.50086483951
57350.01669517158
58700.10796707681
59709.85785655451
60720.786971025744
61399.07672465086
62739.46939176214
63419.351964341404
64599.29230111877
65439.0099163358
66120.47646259311
67299.6365505143
68810.95835615008
69489.29181757836
70500.32663615962
71509.2720615396
72690.42524164956
73530.51102109348
74879.39118507454
75890.30587028549
76899.04113306991
78079.36844098534
79600.72377565301
80779.61351196987
81620.56061105031
82970.20123435558
84320.57738363305
85500.99058866732
86339.44449161502
87689.46736267887
88870.09036462072
89709.54800387018
90390.18569152003
91559.95263437425
92410.90531131167
93759.68806631064
95100.8026243424
95779.49827897859
96959.43646087835
97799.2319885067
99149.72325968413
100159.70714329502
101169.31594823553
102350.4888407088
103190.47357796882
103869.62866148663
105050.17366986681
105890.41864272008
106570.82409809879
107909.9815525327
108589.9526934314
109939.61689987083
110950.09899726644
111960.07090237267
113140.03464253862
113979.73224023997
114659.19524825834
115830.77662952553
116679.60757364465
118019.20306731324
119039.28744697994
120050.53137473896
121229.03633283297
122069.77983280107
122750.12570968807
123920.25663107572
124770.68727452864
126789.22136760401
128140.76151734267
129489.87206781325
130830.42051893946
131510.3529000197
132519.6331363285
133529.09343367373
134709.14005823704
135550.60499594192
136230.41013160528
137409.50020677922
138250.46828102155
139600.5010471631
140610.85061266573
141620.89221356425
142799.2892549512
143640.1425425309
144320.95277366837
145500.30082813985
146339.23492611086
147690.74371091955
149039.25877156368
150219.0126794933
151059.01723937664
152410.41356136312
153590.69556726445
155109.09510027687
156280.12197190317
157130.73593767916
158980.05324860138
159820.07150097605
160500.81967720788
161679.19119840552
162519.56696229018
163869.777716952
164879.14505325767
165890.94184739512
167069.2691980719
167909.55186371668
168590.77775784227
169770.7651468049
170609.30010307248
171789.00440559725
172630.6939732384
173309.2581187916
175160.95705611727
175999.68971412422
176679.6121440086
177859.48857414367
178699.7150972492
180049.93747491346
181399.69500795926
182740.89513331972
183759.71697875607
184770.35734328337
185949.0957873335
186790.43051068689
188140.02419638215
189149.11693005596
190159.4998219006
191340.16040709097
192180.25196225336
192859.98820869462
194880.45586891388
196229.75351183204
197240.46037966086
198250.0924413844
199430.89769317475
200269.96357062587
200950.0622239745
201819.03977406642
202629.06869534627
203639.23185498666
204319.17370568868
205330.9712407878
206339.21759202427
207210.8793026053
208030.60363689557
208719.77855450648
209710.50066615484
210390.14999859652
211229.10527909693
212409.81105239168
213760.74388908903
214929.3795764864
215609.6774240717
216449.42115049055
217130.1799546727
218309.41632364644
219150.8862906605
220499.9380439048
221510.19876598133
222520.02769530538
223700.32095152917
224539.00305374525
225220.33618737667
226389.67606309324
227240.61498866472
228590.5904953528
229599.98729365066
