16759.79989665346
23759.038239524885
24429.554159410494
25459.548135189394
26429.69332432677
28129.194439312298
29100.462401347337
30799.63228208079
32430.854539740565
33779.11185024555
35089.68631597246
36129.162460633976
37759.527198470445
38799.36500178671
40430.80808973819
41460.818078272685
43090.92401527176
44129.854015423996
88429.15165206998
89459.60905180256
90420.81647002714
91089.06044320716
92130.27583310184
93759.68806631064
95350.29241882394
96429.23560768268
97459.59640397366
99620.61377396858
100679.49680627954
101760.95109012758
102799.56276314337
103759.42819251103
104430.2176357445
105460.62482650598
108130.78224228135
109759.46630668346
110790.30429704719
112430.35183122948
113469.15336142248
115089.21863138652
116129.45383660833
117079.35270688626
117760.14010853667
118799.7481073674
120429.11282172361
121460.01853560214
123100.26399253495
124129.52026887065
125090.26109864416
125759.55840688593
126799.35463265992
127749.46349552817
128430.7528685921
129470.54396170378
