7439.549551666761
10589.70389995046
14369.979970300617
15500.472657716293
16369.815689538782
17039.07525067264
18370.12845251069
19709.42739743217
20560.42048999741
22239.8141927497
23350.09415183198
24699.04122793502
25700.345081918447
27699.742298223104
29039.366711694474
30369.24983630051
31220.011609931273
32910.73379965114
34019.163870869335
34710.903271601666
35700.56050762734
37230.341137108124
40179.27152649505
41930.75103366924
44559.155731154926
45770.97820610135
46710.37667022157
47539.00438777931
48699.07968834733
50040.56542869212
51700.04388789918
53039.682313156
54370.44769474475
55220.49000893135
56899.071344813216
58019.4968169393
60370.29039780946
62369.20021768901
63699.58727984087
65039.06874638869
65889.65862422502
67569.63116918535
68870.7756588012
70029.51606464497
71500.3298610554
73030.67299842375
74369.44196541092
75709.68155323288
76559.06143373235
78240.94643833944
79350.94477823924
80699.5908549919
