12749.443895642635
22409.72929361752
23079.09164247365
24070.695038706017
25080.73987365386
25749.70442258853
26739.349225840197
27739.962562234523
28409.73496978878
29409.949879668566
30080.82431190598
31079.482199010446
32070.907183682026
33080.41158189936
33749.28379516041
34740.44441015403
35410.24076798929
36409.72715798447
37080.31148102242
37749.09129496604
39080.068403947014
40069.00738766053
40750.958799715634
41739.637208192726
42409.53699310814
43079.650834793094
44409.48074134561
45409.978342501505
46080.857184309854
47079.61498382103
48409.79428999229
49749.02113029552
50739.92201645117
51420.80996000074
52410.97174951568
53750.197137956704
55079.45001683189
57079.20962737885
58410.877910970914
59080.914212999145
60409.8038105835
61410.95949994783
62080.624049414415
63079.15080926451
65740.04115302907
66739.72483840893
67420.77540613293
68409.42742322161
69409.4829227912
70409.98933891971
71079.02299674203
72080.64624636127
73079.45731982021
75080.78252603069
75750.491961759
76750.44116022903
77749.36012498871
79079.51197914359
80080.3026625331
81079.2484116831
83079.80832999204
84409.94197138485
85410.3563553066
86409.53086796001
87080.74474980752
88080.66576405166
88750.33619164405
89739.29757942862
90410.33980086904
91080.92049755507
92410.90531131167
93409.08865022894
94080.23898195937
95079.84532182256
95750.47727420807
97079.70093296393
98079.09791144283
98750.88630124465
99740.66691132558
100409.98486968361
101080.65600718015
102409.9353190939
103080.37649194038
104079.56003833028
105070.06069040358
105749.3037113496
107749.17997003789
109410.11728015411
110400.40016404146
111079.89123317519
112080.96343768104
113080.58071857144
114749.08445270894
115740.75966912395
116420.93328011666
117409.61958560966
118410.0415847167
119080.85786510404
119749.83925116487
120740.32544652639
121750.57839330896
122739.68995453024
123579.50867429125
132090.20331944217
