1380.4986797542658
6580.312880258254
9219.719311333914
10839.241482720461
11820.445841749843
12800.591668090085
13779.108558292288
14749.47832632889
15409.441692165014
16380.013754995367
17359.129259081423
18020.732553260394
18989.290107457284
19650.94804499949
20619.48160820045
21280.66310207319
22260.939191817808
23400.686674278877
24210.551361202797
24870.70604552117
25840.071007960763
26820.71081039289
28120.612418876677
29100.462401347337
30080.82431190598
31060.928165096895
31870.30487907691
32689.78236206943
33829.16451239796
34640.07087168559
35300.15695541995
36280.36034125676
37250.039247831104
37910.0937388931
38890.64484528488
39859.912382726725
40520.175345621945
41660.1772109738
42469.07686283936
43779.47635197137
44590.646963662395
45730.597144992564
46869.25650092932
47689.38869311809
48990.066619512894
49969.202624532256
50949.362634249315
52259.41834736633
53559.90951161015
54540.47236503763
55510.52137639108
56170.316524280475
57149.85855756743
58119.433315991926
58780.244892043185
59760.4071566755
60729.70810442358
61389.88357988765
62360.54671293766
63339.1535861702
64000.58049626467
65139.67930588777
65950.14626067746
66930.466043888
67910.92706230028
69209.68219500605
70349.18117547139
71170.73974379642
72469.50464234548
73129.16603705283
74430.407585417
75569.56364109865
76380.71656128409
77040.79501328204
78020.13151351598
78989.18597059211
79649.19760520686
80630.47254275234
81600.88884620303
82260.75172439116
83230.3168904987
83890.04509539009
84870.69477406901
86009.383384257
86819.87732948836
88119.98294764862
89429.42028717636
90729.73944767544
91709.2180938648
92690.75772889495
94480.38978401599
95300.86084426312
96269.55688425626
96929.8488917884
97909.35450602704
98889.21165687335
99859.43826755314
100520.14815594022
101489.60229596394
102149.26983028417
103130.59634167585
104099.89614686187
104759.25448441066
105730.60047235985
106710.89644817723
107530.01869582832
108340.18642909662
109319.98062509797
110299.73121687949
111600.00882644723
112579.27823289612
113559.44129299166
114540.75266501485
115350.8385530743
116169.92721642346
117149.07073193963
118120.72199807566
119430.30095819918
120409.87726509947
121390.75567877697
122529.4939941503
123339.09140189269
123999.24765334904
124970.10900280735
125949.87189384288
127249.58741191555
128069.79624066388
129209.3168736674
130189.97200115194
131169.7602384886
132470.4698617553
133450.44268528753
134429.96765061477
135410.22415043478
136379.41656252142
137040.5293023054
138019.8429472363
138990.2921770574
139650.35280778084
140789.01593452302
141600.11428397358
142260.2110136589
143229.66463463058
143890.68551447292
144860.69548219556
145839.77276774996
146820.9548410313
148120.8924721984
148939.90995794113
150079.46730533603
151059.01723937664
152040.69096046535
153339.51067562465
154320.15870402288
155300.1476234672
156280.12197190317
157090.97669952534
157909.3737353355
159050.28089971238
159859.93631198845
161170.3166937977
162470.90962948624
163779.43833753368
164760.39370159988
165740.50901731968
167039.36515630834
168340.7407218706
169480.74366123823
170300.95193801046
171599.0943808107
172260.28877727076
173560.67594735653
174540.4265768287
175510.22485433138
176169.92416636218
177799.26823656607
180729.66891848636
182030.7842693225
183009.0153596312
183669.95587429026
184969.7974137057
186270.9602170779
187250.62631544942
188230.26170636193
190840.92890885135
192139.54177274596
193769.58194842984
196710.68857331065
198670.81976376454
199649.9958964423
200789.5625542119
201600.4643283296
202260.07396725888
203559.0853949099
204870.2541197932
205840.67922537887
206500.97713232198
207469.71776638317
208449.07957071575
209430.5355186528
210729.38219746228
211550.3942030405
212689.21272388185
213830.6015535597
214639.25475397558
215299.19537493837
216279.95985187535
217249.75663693415
217910.58231600508
218890.772413452
219699.53236090427
225759.16825639206
227710.15362927178
229340.4093197501
230449.07810125756
