4280.63681955222
5430.994377955853
6889.555258500807
8189.424891693569
9500.646161896719
11459.002004292986
12440.33638712238
13410.003875576891
14070.018852099643
15050.268957157032
16020.966587307175
17329.61982137941
18309.320996706974
19280.585936767235
20259.43892015169
21240.84840612681
22539.91362627183
23529.430668509554
24499.052042240746
25809.612516167843
26790.012457914756
27759.63577955759
28739.319109011107
29719.84937631522
30700.726182844555
31519.987388800237
32330.107919648846
33309.502781957846
34279.45200802316
34940.007780907996
35919.34878692972
36889.738147727105
38199.03332109159
39179.05121702449
40149.90628286896
42759.321566272374
43740.852784416704
44720.277246363265
46019.50198498641
46679.70835112863
47649.29677431562
48629.2240873977
49610.954456605745
50590.29541444124
51890.8425479588
52870.8297092476
53850.36709474097
54830.01070075288
56460.55770539973
57760.59075799842
59059.45822192038
60050.013059893994
61019.530334047864
62329.638771987426
63309.788113848714
64280.876076868284
66890.8264825048
68200.66036214448
69499.16577632484
70800.51801198965
72109.99098641308
73410.47654414798
74720.774450687
76020.2181637813
77330.99148046954
78629.22766443348
79940.32718144314
81239.51847147367
82539.50217284844
84499.2192276592
85480.53536051344
87109.8601890137
88089.57174997193
88910.68938122892
89720.33734459672
91350.04579864863
92330.3706843838
93310.65710703308
94130.6225968739
94940.8187075769
95919.28573983724
96889.1724193966
97549.2531071606
98529.29820431332
99500.22684353587
100799.68102988481
101790.56409299826
102759.27582451909
105369.38733083311
106349.27229991643
107979.21339864057
108959.85383543008
109939.61689987083
111240.50086580645
112220.83563807642
113200.33744717423
114180.03585071283
115150.96311838161
116459.07263178127
117440.29368266636
119070.60249244832
120370.43869598287
121669.70669979858
122649.27590851863
123630.58895158226
124939.73719832799
125909.79131429522
126889.98744031269
127869.38414630995
129169.96855802776
130160.37899351332
131130.44672505098
132110.80834429082
133089.06610742773
135370.5506578123
136669.43129175442
137329.03396604807
138310.7722450586
139600.5010471631
140590.38655741574
141890.22921825998
143529.75367477752
145809.44242936393
146779.7599314694
