1219.3139824836906
1880.0239504665747
2540.024085440886
4199.631339512894
9130.698922816215
10450.508921882703
13089.549072164162
14409.935817550504
15730.710201800415
17050.730334479565
17889.913164001096
19030.832109478055
20349.308761340977
22319.655877359943
22979.632106462177
23640.186005724303
24299.822470583673
25289.593817406505
26279.91038313055
26939.453825409604
27600.9920727159
29579.776043088357
30900.92036336535
32210.45816237441
33530.48226297584
35359.61437242924
36170.23482420168
36829.863671675776
37489.620729944734
38150.56164836856
38989.74608848049
40129.16289652749
42100.77112260134
43419.97892937722
44080.73180764082
45400.58390066476
46060.162419588654
46720.15853811511
48040.02284275408
49359.801757467954
50669.62659178938
51660.6226766533
52650.333845134985
53310.274633076384
53970.25877869644
54629.86491696662
55289.61296556525
55949.778646661165
56609.450589008025
57270.177317457106
58590.540197687566
59580.074093234056
60559.9243468467
62540.73267536506
63200.25362688893
63860.11091964919
64519.511236091144
65179.46400164394
65839.42714284833
66500.32493468613
67490.86231113772
68469.90048408788
69140.88163557756
70120.78672132536
71770.2252700236
72760.16627790547
73749.9298296613
74410.73150952168
75730.55243465374
78369.05288870665
79680.85718585172
81010.2370657289
82320.52485500368
83309.05440833907
84299.3416544083
84960.53466750994
86280.75339410586
87599.7391651818
91219.14019943989
92210.4899469426
92870.49329089092
93860.9934264133
94849.31215060764
96499.70534634616
97489.14285561835
99130.91739824862
100119.9517818047
100780.73335705257
101440.92914335456
102759.27582451909
103419.19847114246
104409.20770394696
105399.85034680874
106719.41242388073
108699.92583656826
109679.73516400375
110670.49812187512
111990.53472265413
112650.39924888617
113969.30636543494
114959.36626549033
115949.9815953329
117259.92626985186
118580.36767119095
119250.40658674177
120229.57776772148
121220.64453929418
122540.2917600912
123199.63261503447
123860.99447216533
125839.31279745705
126499.2013920955
127810.53688277597
128480.83068829862
129790.60596641219
130780.58699693784
131770.44913116316
133089.06610742773
133750.2029004209
135070.87062660477
136390.55443842427
138360.910411815
139680.15338660937
140999.2068818426
141660.02741832522
142319.46795925853
142980.46708945752
143640.1425425309
144299.96372114625
145619.39856168668
147589.80576919738
148759.77827119414
149569.3665912676
150230.7879763145
151550.1502680139
152209.59884567242
152869.33427492736
153529.25914732335
154190.88222447128
156169.54110564035
157150.60938905794
158140.1197802094
158800.68173643097
159460.1857144227
160120.42356187123
161439.43782932198
162100.88705277248
162760.5671355454
164079.56902591776
164740.01649504967
165399.42837360964
166720.57864764918
168029.44690587473
168690.03243697397
169349.60789713677
170009.62842448655
170670.44514977542
171330.4109288448
172980.7121408214
173969.6506857647
174630.27231090728
175609.67151205483
177269.26990340205
178250.9824619455
179240.40719684682
180560.0023664132
