11280.47633767079
12549.499461059248
14439.534699589516
16340.095067657136
17599.312078656007
21389.39712673133
22650.975029319296
23920.032368480268
25179.264749440066
26440.3688314339
27710.168265604272
29600.56789302413
30860.42930616565
31499.416732881018
32440.301258800057
33389.41707834953
34649.96516836593
36550.53152571585
37810.05288548052
40339.725295413125
41289.263262211665
42230.500005180984
44760.76948833973
46649.25142163711
47920.032918525365
49809.86177380387
51070.57701582084
51709.79450427483
52969.15726597108
54859.07586635806
55500.349701825784
56760.38003447754
58019.4968169393
61809.88990481543
63069.86986525037
64329.59201182904
64970.43549167144
66859.30042497664
68129.67039278541
70020.61895270263
71600.59696798488
73180.21156908924
74440.81932010851
75709.68155323288
76970.28238307849
77920.38903584925
82020.89336041243
84549.3862876705
85809.59391773082
87069.56346169063
88340.42646325343
90229.49450035517
91810.4047283964
92759.9225238452
94019.03900370222
95279.80076700807
95919.28573983724
97179.25257439006
98439.75537032739
102229.08787702219
103500.10375901517
104759.25448441066
106019.54854397685
107289.5983104491
108550.81153036351
110439.45873709593
112019.31321556166
113599.69501563661
114860.21520933721
116129.45383660833
117390.29717718315
118649.30608189401
120549.86050270121
122130.19179226022
