5410.041240640941
19860.13836100129
21080.940263385753
22949.990798450828
23580.290409862955
24749.313039412027
27349.518835351402
32330.107919648846
38270.89790684156
40169.64004047006
41079.9131292138
42950.80317275192
43580.391318177586
44750.14883348783
47349.81945579174
51700.04388789918
52330.49210732901
53600.00336553211
55160.392376842436
57250.115167242555
58270.984840398385
59199.50720140717
60690.10109859752
106079.4824902901
107949.65643100676
112950.66517266863
117949.85138563855
118580.36767119095
122640.41150680366
123579.50867429125
124829.73329878727
126080.47673444853
129830.73242057605
131079.61957222808
132049.82193681964
132950.69043817406
134829.40451223584
136080.39804488464
141020.79532957388
143569.64973884707
144830.5943207279
146079.0295245485
147329.37026044537
149199.7743770289
149830.23708662487
151080.0893511153
152330.70205362275
153270.04588370505
154199.49463012337
154829.3827906096
156080.11615522715
157330.05682054683
158579.65489863194
159829.01679692947
161081.00154405503
162329.12662718474
165170.2246916686
167640.210789835
169849.35765964777
171109.73497618787
173609.44318439192
174830.8462399786
176110.50865307238
177659.4828071917
179099.94124113943
180770.76147376464
192019.7232925453
194780.84906135776
197610.89012622833
