1149.3921905799446
1770.0056431559783
2700.388297583428
3629.2109293558815
4710.172676724922
5479.897489513871
6099.677241604825
6720.659649255159
7649.952554231367
8569.351859503637
9189.68451190957
10740.271988730943
12129.637739749667
12899.560590837775
13519.405524875912
14139.44557087315
15069.179485401031
16000.274225962063
17080.669499537515
17850.709487679444
18470.594851882317
19550.793440671492
20329.76525182681
20950.10005350105
22029.345775121004
22799.518195360848
23419.705606694657
24040.190549498213
24969.677169234903
25890.63378347076
26509.510587887176
27439.396563948547
28369.320036601497
28990.769137775875
30530.386618578435
31930.43227906255
32700.709808167012
34400.40222224236
35170.268351024286
35789.205472841386
36409.72715798447
37339.74804767836
38260.38426559123
39349.20057344435
39970.78451273786
40739.88880449241
41360.17352721663
41980.829581294565
42909.32015448799
44449.26010183877
45070.90252533329
46309.97238274977
47229.64824629814
48160.75241964192
48779.67172389228
49400.9307468455
50020.235970590526
52800.840197615165
53729.8120433843
54350.316174075204
54970.46169158973
56200.82297602895
56820.11162966154
58060.48992972915
58679.7945214897
59600.96580503428
60530.57969425701
61150.729714637295
62389.89854585738
63009.55388212252
64089.77011337338
64859.22384455436
65789.88677880635
66719.12291533321
67340.65898779735
68579.50268008966
70279.24993285704
71049.18747840666
71669.2940153714
73829.23276063119
75229.31967483537
76000.56550156794
76620.18543269958
77700.09111982139
79089.76790220894
80170.17294340034
80949.59211768731
81570.81242529159
82650.35677716351
83269.90590614904
84039.84185488329
84660.86733068293
85589.0631763638
86509.66465183604
87129.71054666808
88369.1690166206
88990.17445574864
90069.84910135873
90840.19798299255
91459.17015669108
92080.83399884305
92700.1737114471
93630.54631646046
95020.08786249727
95790.48936047217
96409.15786141604
97030.33481791597
98269.638549131
99190.62127384359
99969.08473265446
100739.08111469878
101360.82438392648
102440.08125744591
103060.28958636358
103829.3344862847
104909.47435442373
105689.06452230686
106310.73635868178
107390.98972552887
109089.56336741181
109860.9523524507
110639.14317692626
111260.05362545788
112340.0402161699
113420.40946792504
114350.25810846355
115279.7749712056
117749.83461987108
118679.07450818662
119759.77199314942
121149.31776537528
122229.83749792552
122849.3546417213
123630.58895158226
124249.2644852431
125320.06903915729
126099.50015529431
127338.9976244735
128569.56362168507
129189.26719526098
129809.76411708142
131050.05451640222
132290.30818124142
133520.51188057056
135999.52237321454
137540.22561308288
138470.81017122837
139090.48892393758
139709.30378693747
140329.88287336443
140949.6618239139
142179.00451138415
142799.2892549512
143419.0001852784
144040.34216942082
144659.26418174536
145740.3288144419
146510.01922531807
147440.42440146935
148370.82071971544
148990.48703499092
150840.2935922357
151929.53600356527
152700.03608633057
153320.91672625174
154400.2209390779
155480.02584503152
156880.85339331196
157650.51671431013
158270.72366906732
159350.96313335627
160740.46373452924
161819.24573931642
163210.3773261068
164299.45377176613
164919.6138306268
167330.8574131072
170050.1312211232
171689.13228994436
