7079.030224882529
9270.273687885709
13630.487432394031
17990.124698012816
20180.76500379929
23450.3220515579
26170.909192472704
28359.517105334722
31079.482199010446
33269.25861307689
36270.25614432962
39269.752382612314
41719.26432558689
43950.60112417432
46359.392215339496
49629.680905212714
52360.458998739225
55079.45001683189
57270.177317457106
61080.26660750645
63540.69694380921
65989.37130128017
68180.772801677
71179.69412711734
74180.0933843763
76899.04113306991
79629.23762256038
82899.1022624972
85630.49371675015
88899.98644973892
91089.06044320716
93809.18950911546
96540.49428290463
100360.58658098582
103080.37649194038
105269.41300344783
107989.41071653055
110450.62719874183
113449.84474241165
116179.92736709374
119449.01796317581
122169.54492375287
124359.9060736185
127079.07781945544
129269.99882294524
132270.19347270933
135269.73411983377
137720.49200100012
140180.19433374927
142899.9717925687
145630.35041863198
148360.3326598513
150810.68393638512
153030.23871078406
155449.59951629394
158450.61106114232
161450.9004443092
164179.80493771788
