26549.03174433404
34969.38363395843
38129.070232414124
42340.94113024185
44970.87052259187
48650.230147136295
50760.373232459875
53390.688839940376
56020.627385464155
58129.87182198522
60240.048479400124
63389.23277282263
66549.11171488411
68659.93131466137
71809.1548634128
73919.89844196152
76810.95897578722
79189.5143299446
82340.37868836404
85500.99058866732
88649.44040078083
90759.08893902942
93400.94724056234
96030.36827876592
99180.65600671398
101819.64386593224
104449.99199421199
107339.87213411237
109450.9900133657
111809.51274694802
114450.58329003183
118130.6646940872
144180.51016701057
148650.4013853402
150760.08091433204
152869.33427492736
156020.31584402712
158129.05960020464
160760.50151660727
162870.71784741018
165499.69235223258
168390.7076282631
170760.82622926583
174710.81299378918
176819.06264374085
179179.48620300312
182339.64489827925
185490.31916773424
