52050.931974963016
59039.33110444591
63040.53075220562
65779.32652962042
69040.97081972873
72789.59242529115
75039.45855523966
77739.94637877449
84050.87845456265
87280.47778852991
95279.80076700807
97780.883340363
105029.73430924342
109739.93275903643
112030.46426177252
129040.08724849694
131520.94861237708
134029.72672764436
136039.0674221179
138529.58167477648
140530.54313938765
143030.5928804247
148029.68855522585
150049.82780130696
152530.2423284295
156029.80258734143
158039.96019812606
164029.25895424496
166530.96409787092
171030.21431008403
174020.91321754476
176780.62146967344
179279.77694641403
181530.43115218997
184909.31524430745
187529.23923461695
189530.48208016736
191540.40176223856
194529.8376797382
197539.47328810985
199540.5176106757
202529.40201217987
204529.53628309764
208540.2984287286
