11740.18634177318
31739.857498308298
34119.4269229636
36499.52240820423
39120.697080806276
41739.637208192726
44119.39887627686
46739.25035267607
49359.801757467954
51740.99427687638
54350.316174075204
56979.674106702536
62219.681546545544
64599.29230111877
66969.37900360984
68880.7272366108
72219.57769307574
74589.33511019335
76499.14518254898
79840.38814431232
82210.57206251106
84119.54165416618
87929.21579963836
92690.75772889495
95070.6956905204
96980.39432651851
99360.43728440008
101739.55775781727
104120.26084544597
106500.55767869679
108879.30390985808
111740.73434307775
114120.13493198935
116500.77020560058
124119.48138631273
126980.41517920211
129830.73242057605
131739.21159645537
134599.2635960538
136980.2561302719
139359.9897633492
142219.22801555358
145069.3225793971
146980.31337927375
149840.9166902337
152219.08750632784
164129.54086861323
