2869.288975230543
7279.025244601068
10259.703522746506
13959.802522734024
16259.240397079484
18319.06740553024
20400.970726053973
22250.369819627755
24099.325378088506
26869.45930277286
28719.716160064007
31250.145421931196
33330.5049822691
37019.32063004349
39209.18187503586
41639.10465612197
64719.6856434928
70260.72506027845
73949.30915145161
77639.30231040661
79489.80224991697
82029.22589529755
84100.76633650469
88509.58980358132
90560.42991990845
93329.19787090158
95420.71895981034
97710.44904581591
99790.62177399278
101980.64121985914
104409.20770394696
106260.63727449304
108560.32384460318
110870.84114132677
113060.91178600713
116750.53527213141
122880.5243611487
126130.47819922362
128410.83762876659
