34289.90418240757
36139.64995527895
37990.43973848072
40300.8063553549
42599.06413676081
44449.26010183877
46760.36163335337
49059.21957281684
50909.2623630517
52760.4451139589
55070.03568673847
57369.83975767687
59220.84421566802
61529.98166769157
77680.01329532076
92450.91752910125
95039.48321735275
97070.13023448654
100759.6893380476
102879.52160291627
105369.38733083311
107220.82148384444
109989.61195859911
112579.27823289612
114600.35223074991
116449.90090909544
118759.80900344948
121529.37284801208
124760.25027796144
126610.76791871474
128910.60020281239
130759.79209589062
133060.5380553711
134910.02082647334
136760.4676643581
139990.93853737434
142109.76392030844
144139.1249322698
145989.0887287181
148300.39951093856
150420.44867362815
152439.82914834697
177830.29904272372
