8260.994093434578
10970.87870058722
13709.085768971143
19140.369485799667
21809.333756409527
24530.4810576983
27240.4883650957
29949.62033071768
32649.5707701352
36260.661994492424
39419.68292809511
41669.30769535815
43479.06314379421
45759.09866208165
47989.058164643684
50250.093178197756
52500.720039255444
54309.86801083487
57019.578173110596
59720.92811382318
62430.55668702639
64689.51206533663
66939.09074570282
69650.86312758546
71460.78829138575
74149.1083735001
75960.72986159752
79120.8625526577
81369.37665796244
83179.72566772987
87689.46736267887
89519.3718306423
92199.9201351231
94010.64522080941
96300.41083088426
98519.6133343789
100329.83737399445
103030.41426697519
105739.60243414335
107989.41071653055
110239.1843164198
112049.29480126516
114359.77851272549
116559.968781362
118390.78387043331
121069.11422829301
122880.5243611487
126040.26265916486
128290.24629810866
130999.7195796156
133700.3894311218
135510.4560023066
138210.6375186596
140030.11906718768
142720.87930707552
144530.22320176134
147259.75572882587
149939.1959806345
151749.72410994017
154459.6825548545
157159.31809441565
158970.93102808346
163489.7264148137
167079.0958429675
169349.60789713677
