14800.32829292845
16729.725833491164
20160.793258125097
22519.53001677408
25089.287029824303
27010.977980696603
28940.288199792183
31090.352082772963
33869.71369113209
36230.91760101637
38370.80061993394
40520.175345621945
44160.52199774214
47580.73253528755
49729.035346603814
52090.06328998261
54440.65031635693
56160.32596676589
58940.053265482755
61299.79813240094
64730.69458905608
67090.18394909534
97079.70093296393
110799.08699950838
112730.08066990766
116800.00380769727
119800.91641934011
123009.54126620803
124729.93767130855
127510.53793048597
129869.91064879863
133299.16268797126
136729.2683971264
140160.88627176904
143579.44798231806
147009.2448463596
149370.282590344
151520.79197220856
153869.19465185865
156229.27423517802
158800.68173643097
160730.88897703902
164160.36752211227
