4350.866327973743
6930.726954090206
8649.265046502085
10370.19271559461
12709.16967847242
14640.380074968143
17220.301782184368
18939.484639462844
21499.792985090382
24080.001466512505
25800.920183956514
30939.21817737759
32859.194864475976
35209.17444299246
37800.06963251228
39710.50798100026
42070.504144771825
44650.1423713336
46370.57475035847
48930.19725432462
51509.74649611334
53430.38122472982
55780.93190704452
59210.570183642
61789.677565999795
63510.43971295257
66069.36870315204
68649.85270133811
70369.81220363137
72919.96755006563
75510.44194601348
77849.41363719202
79779.3530441015
90069.84910135873
93500.88291909917
96929.8488917884
