14349.456694540851
16860.84113652525
18939.484639462844
21019.6854278022
23519.51271675456
25190.45360853933
27690.93928716676
30189.996251349476
31860.331421525316
35189.524184488866
36859.4626065811
38940.12527949462
41439.18845066886
44359.58514354963
46860.434839640526
48939.03284359983
51439.69887262206
53519.19363030677
55190.55857539984
56859.56830089613
58940.053265482755
61019.530334047864
63519.3417386285
65189.31327673282
66859.30042497664
68940.51914399726
71020.10296440944
73520.98436919696
75190.31894622273
76860.25822918487
78940.21063007344
81020.58358958439
85050.97954034056
86860.26787244494
88939.82229640287
91019.19262040807
93519.81564123859
95190.29364228017
96860.51244591555
98939.0797834666
101020.43186192335
104360.53247246421
106860.63984807841
121020.38626697319
124359.9060736185
126860.09879974584
128939.40179900241
131019.05736492563
134359.87719799828
136860.0012672273
138940.6000996141
141860.3757714081
144360.17333373116
146860.32567478943
151029.38180928634
154359.44251347007
161029.37946097634
