14980.58260053479
18779.23684583561
22580.36225427672
27230.95859292321
31030.06772595009
34839.85892839725
38640.03701620901
42020.49748949649
45820.963289394545
49620.47912566913
55960.073947098936
59770.4417799751
65259.82319815301
68899.29531610207
72440.37839021804
76240.71777773071
80050.51488285311
85120.03371653026
88500.57363243018
92299.92171647525
95680.38584208938
99480.31975086908
103290.0548525146
106670.81654120825
110469.97730217449
115119.88916778205
118919.89504882022
122300.79144442032
126110.82391952047
129750.19859137388
133709.35062667602
143699.96718566844
