1069.3254102169135
5119.214477277113
8370.783302592365
12820.701826415203
16469.203074146146
19719.498093513335
23160.609466986123
27010.977980696603
30259.352822750418
34309.56573822632
37559.66399961091
42009.62806394493
45669.722112393276
49720.155551945856
56200.82297602895
59449.78051012747
63500.84403040126
67959.18065593907
71610.45406091196
75050.21566449414
78910.47876581915
82959.61151607874
86890.60740995701
90660.16677596809
93910.2149498892
97560.59454494664
100999.55792305582
104850.31529446751
108910.57347124144
113359.61578931264
116609.25846813226
120259.72801240701
124309.14840655927
128370.79282078955
132819.36217581574
136069.07940883655
139719.44482921812
143769.7862426636
