25869.005523826003
29870.257653588058
33070.75059721518
38479.844593382564
43280.92552694928
47880.579248141745
52270.801849872994
57680.71784079186
61869.05179396335
65070.88934364246
68880.7272366108
72690.42524164956
90670.72079595941
97079.70093296393
103470.58423223515
107279.70818109937
110480.99513258455
115469.69695944196
120080.01889986401
123280.79898514693
129070.78165387346
134480.5505533956
138669.47526745766
141870.06056433957
145679.0235774601
150279.53301865456
153679.88604869507
