4260.74345501766
10409.043191899382
15390.570536733765
22670.434998789708
26659.81344058137
29860.037671363236
33860.19818443091
37060.71773116134
41849.29891795178
45859.73952315437
49860.05347491708
55460.59117344735
59459.05233383664
63060.22533586208
66459.78527163918
70260.72506027845
73859.7280103711
77859.0345941966
81060.1407036778
84260.72347880677
88250.6642900255
91459.17015669108
95869.2335592194
99460.15913576342
104260.03199342752
108480.56053236319
111860.80978064319
116260.11728385936
119460.14237499297
123460.85707891648
127059.07559079121
130259.44864926569
140999.2068818426
147069.20670624397
150659.1651918649
154670.98921856598
159859.93631198845
163059.9609430988
167460.28406896594
171079.79155312025
175859.41738774913
180259.3774369079
183459.64420278452
186660.5684777185
191060.16836864268
194459.07541015287
198259.64384171698
201859.83302343168
205670.91121162387
211409.8859866169
218619.6396105232
227469.6165322065
233900.5009881103
