1029.8642217406496
9839.45096870832
13830.77694745772
17039.07525067264
22039.13907084937
25630.35428408126
29840.82031614138
33839.62293322304
38029.864185609804
61040.417306602205
65839.42714284833
70029.51606464497
73230.82631448148
76440.6537673183
80630.47254275234
84240.94172983765
89239.96090732563
92830.63086397228
97839.20526970498
105230.26540209897
108440.14456317332
112030.46426177252
115440.78406561629
119030.7676980073
122640.41150680366
127640.1544864604
131230.45627752875
135440.45018150468
139439.66622384358
143640.1425425309
