16129.541578946402
19269.900834932214
22409.72929361752
25540.685921356926
29460.75123364515
33389.41707834953
36529.93343098275
39659.6577503427
42800.5160507434
45939.21699186457
49069.709905449214
52209.22217791238
79669.19831328244
83580.57064972403
86719.29747160272
89860.00383232089
92999.1886556075
96129.06319042126
99270.81559240603
102409.9353190939
105539.99344883642
108679.22663658555
111820.55411908877
115619.91832681319
119659.88724464146
122799.4496702777
125939.2916205061
130639.12936512688
133780.50942528408
136920.51615638536
140720.64751571254
