20529.731394936534
31020.352109676776
34769.053354098665
37769.55680249424
40779.61015132027
44390.5452071567
48279.00260147475
51890.8425479588
55780.93190704452
59140.06760775944
62150.78036210869
65389.59006598139
69660.87170362906
73779.49367320766
77390.89691288621
103020.25171724804
106769.31224319451
109769.72244080513
112770.72669359847
116390.50746889945
121020.38626697319
124770.68727452864
127779.32821012572
132279.99971279435
135890.3546085432
139770.05827217823
143149.40914075775
146900.05535016066
150140.69450724797
160019.42867840268
