9650.58914466253
15650.52705181582
21650.45860684037
24650.472215891594
28250.59561208404
33649.22776909551
36649.526739815825
39650.06802610883
42650.86771820471
48650.230147136295
51650.78566365815
70029.51606464497
88030.44730858256
94030.28673373561
104920.89737372963
109790.12932591965
113920.99562359945
128899.75628836647
132650.66026684677
136399.47214297985
139400.26294319623
144649.04631869492
147650.07296978927
151260.2945663412
154400.2209390779
159650.0703242317
164900.4465974109
168650.02730047793
172250.53739186245
175260.7626936634
