4029.3647185215304
10030.195344567372
16030.418717220691
25020.545143848947
28020.66432476929
32900.677069826976
36280.36034125676
40019.982341394556
43779.47635197137
46780.85154110903
50149.06654549264
55399.51299045428
58400.08634515062
62150.78036210869
66650.69423118306
73020.61784421184
76779.67117956269
81280.8138464465
85019.80513045682
88020.21225334666
91779.37185798823
95520.97380101119
99279.23157199961
102279.69467856422
105280.16970347454
109780.83012871035
113900.97497871633
117279.25558039687
133399.1827146959
136399.47214297985
139400.26294319623
142769.3316132827
