1110.2243397551888
11599.02515571267
14849.446651096157
22079.902783327656
26080.732489519905
29310.683632233675
34009.277403562155
37639.88602779596
40880.925287233134
44490.602875815035
49209.80830463001
52440.08793738985
56779.97743325689
60050.013059893994
64009.78991316308
68720.15095073872
74130.19924477977
78460.49937074333
82799.56179954114
87139.4048143627
91479.65453266686
96179.31677866034
117499.4241257091
121490.45149392907
127620.40710960668
131960.41452525853
137020.42296154553
141740.7307999598
144970.47271560316
149670.65325759276
152580.60379471866
161250.31928763166
174630.27231090728
