1059.0171282543922
6780.043991609207
12490.96182448687
21070.15017810286
25350.17265724477
28210.320342874787
31069.70653014616
34640.07087168559
39279.4241231423
42499.70413458613
46070.104302076325
52490.9833605006
56069.27052196796
63920.76359033204
69999.11049378625
75360.1788385874
79639.65122687802
83930.20427410436
89640.65096322056
92499.64791733207
96069.27302145393
103920.802922439
106779.43108791138
138210.6375186596
141070.56160276587
145359.25379716879
151070.78204030253
153929.1630942578
156790.37164591198
163260.16615641478
