23620.868308399855
26449.130500339113
29490.227754372994
32800.13504744745
37040.279960342654
40570.79232079858
44089.96056360969
46920.547175300126
49960.594335843925
54210.96810410859
57509.25217983199
60909.9366276311
63860.11091964919
67239.6161337328
70909.71786121163
73739.9951482034
82210.57206251106
88080.66576405166
92089.2190280718
94920.5322848444
101980.64121985914
106209.2119099847
110450.62719874183
113979.73224023997
118089.57939525456
121390.75567877697
124560.78329030979
128090.35976128672
130920.11233726655
134450.30396464482
137860.1046488786
140800.7050623504
144329.51279478474
147360.91316201084
150679.259161726
153509.0198372419
157029.52140438603
164800.59449079118
170099.19117485342
175389.10444500743
179979.49018524468
183040.05223364706
185979.84864492077
189149.11693005596
191980.60880303188
195149.1074080919
197979.70134827553
201510.44784362818
205740.52581898335
208569.3562444311
212089.16146068458
214919.09945984246
218450.08425579738
221979.96624227025
225359.95772729983
228210.2054310354
231150.2833562429
234329.94451458528
237500.92809025766
240330.21770787446
243710.40262566527
246679.3913148428
263620.68772340025
271459.9969656059
