6529.984299024866
9510.159798149401
12339.383191488649
15689.800146226797
19040.165014717186
21870.53763264458
25389.24015499172
28220.458606521363
32099.897779351828
35450.55303896719
38280.74771702094
41630.16436654706
45160.45019150509
47989.058164643684
51160.11001001908
64570.10799514941
67920.06446293391
71279.71693974969
74810.83674021135
77979.50817595651
80810.58192902176
84339.03945145979
89979.45250572338
93329.19787090158
96160.0834472675
99510.55872971097
103040.6777001099
105869.55317824477
109039.11056583186
