1119.7501115755374
12420.7027137658
15600.32664976329
19130.07379997794
23710.055538181565
26900.92960281333
30419.773048838644
33250.66299924779
36419.454879698176
39249.19336982265
43299.58786967264
46309.97238274977
49479.37666625058
53359.82441592177
56190.679657795736
60249.11615148366
63250.07124133317
66419.997945903
69950.86678405023
72780.4601811745
75950.53761290328
80189.34865259507
83369.37461583619
88480.31350691605
91479.65453266686
94660.85837715406
98189.79471321634
101370.01239286768
