11789.871431650809
23499.5680862013
26600.67321835052
29360.39760501462
32120.28193079471
34879.33602723517
37639.88602779596
40400.862853248975
43499.023571297854
46949.474478433076
49709.4901371986
52470.666599050004
56260.32114505074
59019.01220538162
61780.28586878971
64540.5294382291
67979.49585624853
70740.24887090514
73499.15812836222
76260.74704641693
79019.7521623432
81779.77216645876
84539.83170777933
87640.93350470439
91089.06044320716
93849.09157337665
96950.81854324695
99710.3103201807
102470.10457743364
105570.25682256633
108330.5509212253
111090.25874926816
113849.10713610127
116609.25846813226
119710.54387611597
122470.53296751878
125229.21552693311
128669.11128479935
131430.01192048413
139029.90747572336
