1990.3095929260114
5389.222630567087
8789.850381429858
13550.256660465371
16939.074712154867
22220.453713713778
25099.91395105998
29180.89562605358
32580.02088367913
38350.26809936363
43469.71587942175
46509.72580704121
49570.299040510065
55000.95371633537
58419.661228314115
67230.34987279956
70289.70377915513
75389.01608049523
79459.62902618732
88310.81653957431
91999.8403938074
96079.8273826919
98819.96889020453
102199.69770020859
106950.23781376914
122949.88277140222
130040.45342451912
133489.6297959651
137899.45530020024
141980.846107187
145380.42677334754
148770.56395549705
155020.71323967713
158180.50416669992
