1159.7503336902987
5889.187814352356
11960.181481864087
16680.078530900053
22140.212603532866
25439.48537932326
28139.83985491428
31190.213171516738
34879.33602723517
37779.36705236958
40610.8966756775
44319.86363789614
48360.74081861209
51399.727258137245
54429.32199736528
57799.872265549326
60499.40024490993
63579.1582604624
66560.29803187074
69600.11405117702
72299.79853533475
75199.10577060755
78699.76016338625
81399.974240542
84429.12902748947
87459.5731230501
90159.90728001804
92860.36850581107
95560.59126663202
99599.01563623613
102629.55552998334
105329.33831419941
108150.64207597674
111059.91310494737
114429.23256774365
117130.64883081349
120489.07857990576
124080.8285924571
126899.10689235407
129930.09959492725
132630.8335510082
135999.52237321454
138700.1769787861
143419.0001852784
146120.93557398528
149150.23067965428
152180.59748982356
154879.62169314473
157579.05595991615
160279.01674605435
165210.86529671826
168029.44690587473
171060.72673771533
177799.26823656607
180830.66931680456
184540.6229586977
187239.43452186167
191150.31428769397
196679.9812406523
199581.00061023748
202410.81997737408
206119.72912395178
210160.44136132108
213190.38048529238
221620.3177638866
225999.7224188756
229710.87642779495
233079.50402269326
