1400.495816993457
4179.641116603889
6969.395704464891
10160.677119458058
12859.171049205725
16060.949404802415
18919.732179470757
21620.354308061447
24650.472215891594
27349.518835351402
30049.14637813758
33080.41158189936
35779.40503720758
38650.4670956964
41839.90244645859
44539.445966059444
47239.45986888957
49940.485704619205
53310.274633076384
56510.50086483951
59709.85785655451
62739.46939176214
65439.0099163358
68810.95835615008
71509.2720615396
74879.39118507454
78079.36844098534
80779.61351196987
84320.57738363305
87689.46736267887
90390.18569152003
93759.68806631064
96959.43646087835
99659.03468329852
102859.98164934038
105890.41864272008
108589.9526934314
111960.07090237267
114659.19524825834
118019.20306731324
120720.30124661389
123420.36380430097
126789.22136760401
129489.87206781325
132519.6331363285
135219.67687221133
138080.4712150384
140949.6618239139
144320.95277366837
147690.74371091955
150889.64441850997
153590.69556726445
156790.37164591198
159820.07150097605
162519.56696229018
165220.72454833947
168590.77775784227
171789.00440559725
175160.95705611727
177859.48857414367
180720.415454602
183759.71697875607
186790.43051068689
190159.4998219006
192859.98820869462
196229.75351183204
199430.89769317475
202129.94364908445
205330.9712407878
208030.60363689557
211059.6863345926
213760.74388908903
217130.1799546727
220499.9380439048
223700.32095152917
226899.66593260423
229599.98729365066
