2830.194873166824
7829.835955810944
11149.803187240987
14479.442996126852
19150.22002124331
21819.977533226487
25820.238535029075
29809.604594300323
32480.147359097195
38479.844593382564
42840.99471396208
45810.19470949577
48480.048856673486
51149.533468822076
53820.33757393811
58830.66844532515
61809.88990481543
64480.35854697031
67150.46488833534
70480.89779581944
73150.95953366852
76479.80468339456
79150.10586819293
82480.50283264494
85820.33639495188
89809.99682161467
93160.81354164938
99149.72325968413
101819.64386593224
105819.97812861149
109809.45844380384
113140.03464253862
117499.4241257091
120480.2792477091
123150.46970222132
126480.06013393517
129809.76411708142
133500.38443024075
136479.05525311842
139149.81632536466
143149.40914075775
146479.99730985484
149490.2957578338
152479.89674468135
155150.4047059671
159149.30837407502
