12749.443895642635
22409.72929361752
25080.73987365386
28409.73496978878
31079.482199010446
33749.28379516041
37080.31148102242
40069.00738766053
42750.020132091515
46080.857184309854
49749.02113029552
53750.197137956704
57079.20962737885
60409.8038105835
63079.15080926451
66080.4271687415
69409.4829227912
72080.64624636127
75080.78252603069
77749.36012498871
81079.2484116831
84409.94197138485
87080.74474980752
90250.62290181348
93409.08865022894
96079.8273826919
98750.88630124465
101739.55775781727
104419.36536659405
107749.17997003789
111079.89123317519
114749.08445270894
117739.48975180584
120409.87726509947
123080.3668887977
132090.20331944217
