23030.981302056094
25700.345081918447
28369.320036601497
31700.92103165413
34369.751703957576
37040.279960342654
40699.022197268176
43700.720738430755
46370.57475035847
49039.925965767194
53039.682313156
57039.85036143528
60370.29039780946
63699.58727984087
87030.75060459056
90370.66910514509
93039.00483158547
96369.15681150512
99699.06386403949
102369.23159526881
105040.4907975292
108370.43588729331
111699.90611233051
114370.7374588878
117039.33688669019
121039.7294719551
124370.36446598632
127700.5634950892
