1219.3139824836906
4199.631339512894
9130.698922816215
13089.549072164162
15730.710201800415
19030.832109478055
22319.655877359943
24959.141882881577
27600.9920727159
30900.92036336535
34189.571066351884
36829.863671675776
40129.16289652749
43419.97892937722
46060.162419588654
48699.07968834733
51660.6226766533
54300.230660467634
56940.53330964557
59580.074093234056
62540.73267536506
65179.46400164394
67820.43380639766
71770.2252700236
74410.73150952168
78369.05288870665
81010.2370657289
84299.3416544083
87599.7391651818
91219.14019943989
93860.9934264133
96499.70534634616
100119.9517818047
102759.27582451909
105399.85034680874
108699.92583656826
111990.53472265413
114959.36626549033
118580.36767119095
121220.64453929418
123860.99447216533
126499.2013920955
129790.60596641219
132429.69707263156
135070.87062660477
138360.910411815
140999.2068818426
143640.1425425309
147589.80576919738
150230.7879763145
152869.33427492736
156169.54110564035
159309.3667677336
162100.88705277248
164740.01649504967
168029.44690587473
170670.44514977542
173309.2581187916
175949.5891859797
179240.40719684682
