4280.63681955222
8189.424891693569
11459.002004292986
14720.767874947873
18309.320996706974
21240.84840612681
24499.052042240746
27759.63577955759
30700.726182844555
33960.99758094436
36889.738147727105
40149.90628286896
43409.704822562984
46349.562132811894
49610.954456605745
52390.14933498332
55149.56351448674
58089.36977242724
61019.530334047864
64280.876076868284
67549.0959930375
70800.51801198965
74720.774450687
78629.22766443348
82539.50217284844
85480.53536051344
88420.6165236913
91350.04579864863
94130.6225968739
96889.1724193966
99830.3194887961
102759.27582451909
106019.54854397685
108959.85383543008
112220.83563807642
115150.96311838161
119070.60249244832
122649.27590851863
125590.00095679316
129169.96855802776
132110.80834429082
135370.5506578123
138310.7722450586
141079.76881799128
143850.06226200834
146779.7599314694
