1380.4986797542658
6580.312880258254
9219.719311333914
12470.101638574799
15409.441692165014
18179.085469368143
20950.10005350105
23719.09426339107
26490.457345363382
29430.28258801
32689.78236206943
35950.018450317446
38890.64484528488
41660.1772109738
44590.646963662395
47689.38869311809
50949.362634249315
54210.96810410859
57149.85855756743
59919.502859676744
62689.49171739895
65460.67305454018
68230.72587221184
71170.73974379642
74430.407585417
77689.23048536024
80630.47254275234
83560.8636872463
86329.79591614459
89429.42028717636
92690.75772889495
95949.9631809251
98889.21165687335
101660.19662195032
104430.2176357445
107199.43611360715
109970.78386583678
112910.34519929565
116169.92721642346
119430.30095819918
122529.4939941503
125300.3970534493
128069.79624066388
130839.60450017823
133780.50942528408
137040.5293023054
139970.33052294012
142909.77544340646
145839.77276774996
148620.39444669802
151389.62937250646
154320.15870402288
157090.97669952534
159859.93631198845
163129.8246241268
166060.464033887
168989.68420124528
172090.3348573116
175189.81094134005
177960.41044960052
180729.66891848636
183669.95587429026
186599.8730442836
190840.92890885135
193769.58194842984
196710.68857331065
199649.9958964423
202910.453932831
205840.67922537887
208780.57020765505
211550.3942030405
214639.25475397558
217910.58231600508
225759.16825639206
229340.4093197501
