11280.47633767079
14439.534699589516
16970.806133588263
21389.39712673133
23920.032368480268
27070.326434196122
29600.56789302413
32129.551524635182
35279.368317110515
37810.05288548052
40339.725295413125
44760.76948833973
47920.032918525365
51070.57701582084
53600.00336553211
56760.38003447754
61809.88990481543
64970.43549167144
68129.67039278541
71600.59696798488
74440.81932010851
76970.28238307849
82020.89336041243
84549.3862876705
87700.61737685063
90229.49450035517
92759.9225238452
95919.28573983724
102229.08787702219
104759.25448441066
107289.5983104491
110439.45873709593
113599.69501563661
116129.45383660833
120549.86050270121
