5410.041240640941
19860.13836100129
22949.990798450828
27349.518835351402
32330.107919648846
38270.89790684156
41079.9131292138
43580.391318177586
47349.81945579174
51700.04388789918
55160.392376842436
58270.984840398385
106079.4824902901
112950.66517266863
117949.85138563855
122640.41150680366
126080.47673444853
129830.73242057605
132950.69043817406
136080.39804488464
141020.79532957388
143569.64973884707
146079.0295245485
149199.7743770289
152330.70205362275
155140.81706330137
158579.65489863194
161081.00154405503
165170.2246916686
169849.35765964777
173609.44318439192
176110.50865307238
179099.94124113943
192019.7232925453
194780.84906135776
197610.89012622833
