1149.3921905799446
3629.2109293558815
6409.346408123646
9039.402801012084
12129.637739749667
14609.54176540349
17539.40562821907
20020.309485240203
22799.518195360848
25280.05279226
28369.320036601497
31930.43227906255
34860.62727154369
37339.74804767836
39970.78451273786
42909.32015448799
45689.230139216415
48779.67172389228
52800.840197615165
56200.82297602895
58679.7945214897
61620.39612979375
64240.43978846632
66719.12291533321
70279.24993285704
73829.23276063119
76620.18543269958
79399.57889997962
82029.22589529755
84660.86733068293
88369.1690166206
91459.17015669108
93940.99989024267
97030.33481791597
99969.08473265446
102910.36570458076
105689.06452230686
109089.56336741181
111720.91459459072
114350.25810846355
117749.83461987108
121149.31776537528
123630.58895158226
126410.62406784926
129189.26719526098
132290.30818124142
135999.52237321454
139090.48892393758
142179.00451138415
144659.26418174536
147440.42440146935
150840.2935922357
153320.91672625174
156880.85339331196
160740.46373452924
163679.25411425557
167330.8574131072
170050.1312211232
