7079.030224882529
7079.030224882529
9270.273687885709
9270.273687885709
10080.227928771237
10080.227928771237
11450.958448485399
11450.958448485399
13630.487432394031
13630.487432394031
15809.241718088357
15809.241718088357
17990.124698012816
18809.890873731143
19090.34010016528
20180.76500379929
20720.17280256884
21809.333756409527
22360.74474777084
23450.3220515579
23450.3220515579
24540.388246328563
24540.388246328563
26170.909192472704
26719.85976854845
27539.96839957593
27809.101630961068
28359.517105334722
28899.986223686654
29449.76742649918
29449.76742649918
30539.61385178588
31079.482199010446
31629.42822417828
32180.10430877978
32719.535498348385
33269.25861307689
34899.48850017897
35450.55303896719
36270.25614432962
36270.25614432962
37410.29880335663
37630.344340185184
39269.752382612314
39809.363517018595
40630.05319372195
40900.58209418259
41719.26432558689
41990.60169403222
42540.13191912724
43630.841974677176
43950.60112417432
44169.53614742202
44990.313097380116
45270.769373885436
45810.19470949577
46359.392215339496
46899.2205889204
47989.058164643684
48539.72669422895
49629.680905212714
50720.51069862928
52360.458998739225
52900.047763921604
53990.511721862946
54540.47236503763
55079.45001683189
55630.755293778886
56720.94535950782
57270.177317457106
58900.80686740522
59449.78051012747
61080.26660750645
61629.1716284864
62449.02294314136
62720.56863739519
63540.69694380921
63809.346916446404
64360.714389709785
64360.714389709785
65449.20808292962
65989.37130128017
67079.29292944584
67079.29292944584
68180.772801677
68720.15095073872
69810.49222166318
70360.67839493348
71179.69412711734
71450.85226771921
71990.67447721078
72270.96934145421
72540.61917470396
73079.45731982021
74180.0933843763
74720.774450687
76899.04113306991
78539.9375260325
79079.51197914359
79629.23762256038
79899.0603298932
80719.529606117
80990.17497811993
81270.596573054
81810.3238076188
81810.3238076188
82899.1022624972
83449.9489570756
84539.83170777933
84539.83170777933
85630.49371675015
85630.49371675015
88899.98644973892
88899.98644973892
89989.3078418143
90539.20938877432
91089.06044320716
91630.98484263485
92170.07327059745
93270.52707761063
93809.18950911546
94359.22035869723
95989.89725098961
96540.49428290463
97359.01280438786
97629.68115866557
98449.0251424334
98719.06886753663
100360.58658098582
100900.122828133
101450.39774539297
101989.68692961399
103080.37649194038
104719.85986851164
105269.41300344783
106089.22540422289
107449.86392290569
107989.41071653055
109080.54290063589
109630.08122853492
110450.62719874183
110720.21653283843
111540.22091723446
111809.51274694802
112360.05516241973
113449.84474241165
113769.75480098082
113990.91705863873
114810.68904950231
115089.21863138652
115630.45926076153
116179.92736709374
116719.96192809216
117809.06738103477
118359.83050455929
119449.01796317581
120540.56184942722
122169.54492375287
122720.6889756619
123040.42899393065
123040.42899393065
123810.16138040369
124359.9060736185
124630.66355424482
124899.35284983719
125449.89598200486
126539.75460728406
127079.07781945544
128719.24641635778
129269.99882294524
130900.75799660377
131220.39810354018
131450.61309703765
132270.19347270933
132539.65807145077
133360.15172580158
133630.87545387913
134180.0881697105
135269.73411983377
135579.92309282089
135810.477694883
136900.11665142534
136900.11665142534
137720.49200100012
137990.4927463102
138539.5294491858
139629.1317515537
140180.19433374927
140990.0162803784
141270.8875064357
141809.97485105236
142090.1977014288
142360.49668869431
142899.9717925687
143990.870773762
144539.88017514045
145630.35041863198
145630.35041863198
146720.05267360428
146720.05267360428
148360.3326598513
148900.11519589555
149450.15141781562
149720.5879346745
149989.87791995285
150539.15244444046
150810.68393638512
151080.0893511153
151629.01370636726
151629.01370636726
152719.2091666081
153030.23871078406
153270.04588370505
154359.44251347007
154900.47326414112
155449.59951629394
155449.59951629394
157080.4149621704
157629.8987987823
158450.61106114232
158720.1856464269
159270.72195931943
159540.75266418044
159810.61527443147
160359.89019910587
161450.9004443092
161990.15960967337
161990.15960967337
164179.80493771788
164179.80493771788
166360.434227964
