55579.61825216717
58860.2346324932
59950.06309844164
67039.11734495709
68680.89158328019
73039.89709919292
81769.78829599425
85039.35664217586
89669.58766136516
90490.35997218126
93219.94244614732
98399.14394767964
101949.24145900048
105219.57444141658
106310.73635868178
116670.12483174178
119949.4474102771
141490.4886106336
177769.0463467988
180490.13904416317
189219.7579974383
190859.98046712135
194400.15271593916
197949.36241935566
199589.48365526833
201219.98876990826
209949.12516934337
212670.8131496841
217039.850232865
218670.1315446005
221130.00169667703
224130.34156111928
