26549.03174433404
26549.03174433404
34969.38363395843
34969.38363395843
36020.55611557188
36020.55611557188
38129.070232414124
38129.070232414124
40229.51585211246
40229.51585211246
42340.94113024185
43130.43432589511
43389.944202083716
44440.884223720444
44970.87052259187
46549.6795397792
46549.6795397792
48650.230147136295
48650.230147136295
50760.373232459875
51550.359638428235
51820.39098883523
52859.11447011249
53390.688839940376
53920.63049491407
54970.46169158973
54970.46169158973
56020.627385464155
56020.627385464155
57070.43448025321
57070.43448025321
58129.87182198522
58129.87182198522
59180.628580626
59970.02560314891
60240.048479400124
61280.77129794936
62340.23879552993
63389.23277282263
64179.296889905214
64440.3709697873
66549.11171488411
67599.98395751214
68129.67039278541
68659.93131466137
69709.5667967044
70760.89870309824
71809.1548634128
72860.05799611458
73919.89844196152
74969.17359092938
76020.2181637813
76810.95897578722
77080.36848618662
78130.8028441281
78659.0169663355
79189.5143299446
79710.34336727156
80229.88825976745
81290.22013248055
82340.37868836404
82340.37868836404
85500.99058866732
85500.99058866732
86550.41306114681
86550.41306114681
88649.44040078083
88649.44040078083
89709.54800387018
90500.70377120539
90759.08893902942
91289.74817662047
91810.4047283964
92609.9404444729
92860.36850581107
93400.94724056234
93649.8298631948
93920.1279459745
94969.85567254426
95500.15190937892
96030.36827876592
96549.38338819364
97070.13023448654
98129.00563774469
99180.65600671398
99710.3103201807
100240.54865529666
101030.3801923473
101279.36213717317
101819.64386593224
102339.47208058812
103390.57903628511
103920.802922439
104449.99199421199
106550.09576418088
107339.87213411237
107600.26516838791
108130.78224228135
108650.22942504298
109450.9900133657
109710.910330579
110239.1843164198
110490.29392588041
110759.65768752825
111290.58856745005
111809.51274694802
112340.0402161699
112869.07110073025
114450.58329003183
114970.77938576537
116020.03602823764
116550.85028939927
116550.85028939927
118130.6646940872
118659.28649149546
144180.51016701057
144449.09677372884
148650.4013853402
148650.4013853402
150760.08091433204
150760.08091433204
152869.33427492736
153920.36571121262
154439.18113871056
154439.18113871056
156020.31584402712
156020.31584402712
157070.67215350806
157869.44922101457
158129.05960020464
158660.109335189
159180.94980686798
160230.75440037798
160760.50151660727
161020.32780267834
161289.09245406222
162340.58096265252
162870.71784741018
163400.40575578273
164440.11581405337
164440.11581405337
165499.69235223258
165499.69235223258
166550.76862075052
167079.0958429675
168390.7076282631
168650.02730047793
169180.15738559916
169710.52351041514
170760.82622926583
171290.49741685775
171810.32529586114
172860.56821720084
174710.81299378918
174970.71605213484
175499.1165935246
176020.90298168405
176819.06264374085
177070.2594117178
177609.2240985075
177859.48857414367
178130.70828168245
179179.48620300312
179710.27632332873
180240.53195927732
180759.72089003315
181280.48270463728
182339.64489827925
183390.91398145573
183920.61503140384
185490.31916773424
