52050.931974963016
53039.682313156
53280.78905396843
59039.33110444591
59160.69192920018
59289.54451330242
63040.53075220562
63290.38137936931
65779.32652962042
66049.44289948962
69040.97081972873
69040.97081972873
72789.59242529115
73779.49367320766
75039.45855523966
75280.19495772217
77739.94637877449
77739.94637877449
84050.87845456265
84050.87845456265
85739.27239627989
85739.27239627989
87280.47778852991
87280.47778852991
95279.80076700807
97030.33481791597
97780.883340363
99039.79894215839
105029.73430924342
105780.41019927715
109739.93275903643
111280.07281905015
112030.46426177252
112030.46426177252
129040.08724849694
129040.08724849694
130040.45342451912
130549.0920443708
131029.90493587428
131520.94861237708
132030.24766250924
132529.07000535302
133030.20634813243
134029.72672764436
134529.685667568
135030.14354402004
135530.92639152613
136039.0674221179
136540.16225425986
137030.44214216032
137030.44214216032
138029.5921180402
138029.5921180402
138529.58167477648
138529.58167477648
139029.90747572336
139029.90747572336
140030.11906718768
140530.54313938765
141030.49857597155
141539.33586125702
142520.54288198892
143030.5928804247
143529.75367477752
144029.1038804464
144279.0459019391
144530.22320176134
148029.68855522585
148519.99381034457
150049.82780130696
150539.15244444046
151529.93929250864
151529.93929250864
152530.2423284295
152530.2423284295
154529.6460564061
154529.6460564061
156029.80258734143
156029.80258734143
157029.52140438603
157029.52140438603
158039.96019812606
158039.96019812606
164029.25895424496
164029.25895424496
164520.02310312056
164520.02310312056
165029.47810494303
165029.47810494303
166530.96409787092
166530.96409787092
167529.8313819014
167529.8313819014
168029.44690587473
168029.44690587473
168529.4817953672
168529.4817953672
171030.21431008403
171030.21431008403
171530.72356320694
171530.72356320694
172529.6510636977
172529.6510636977
174020.91321754476
174020.91321754476
176780.62146967344
176780.62146967344
177540.38715823487
177540.38715823487
179279.77694641403
179279.77694641403
179529.53517471222
179529.53517471222
180529.67193393986
180529.67193393986
181530.43115218997
181530.43115218997
184909.31524430745
184909.31524430745
185540.2985029941
185540.2985029941
186530.12846825965
186530.12846825965
187529.23923461695
187529.23923461695
188529.4978527433
188529.4978527433
189530.48208016736
189530.48208016736
189919.0240993456
190279.19405142826
190530.18202196175
191279.9314670094
191540.40176223856
192159.79480723978
192540.30031075762
192790.452025891
194529.8376797382
194529.8376797382
196279.37583901486
196529.48273628537
197539.47328810985
197539.47328810985
198529.78914246827
198529.78914246827
199280.87431921074
199540.5176106757
200529.14468417637
200789.5625542119
201540.33869552801
201540.33869552801
202529.40201217987
202529.40201217987
204529.53628309764
204529.53628309764
205539.1925175887
205539.1925175887
208540.2984287286
208789.75159503092
