11740.18634177318
31739.857498308298
32689.78236206943
34119.4269229636
34590.78616104722
35550.85642181131
36499.52240820423
37929.16221245189
38400.58318503096
39120.697080806276
39359.62717852313
40310.336722980326
40790.41507648416
41739.637208192726
42209.424472416125
43169.818490201214
44119.39887627686
45550.194427248374
46019.50198498641
46739.25035267607
46979.08542088839
47930.81886026987
48409.79428999229
49359.801757467954
49830.42735360213
50790.16207457702
50790.16207457702
51740.99427687638
52219.796697452555
53639.9104667154
54350.316174075204
54600.971195097365
54830.01070075288
55550.11394360913
56030.32961458444
56979.674106702536
57450.61406124501
62219.681546545544
62219.681546545544
63169.505118855435
63169.505118855435
64599.29230111877
64599.29230111877
65070.88934364246
65070.88934364246
66030.08250054915
66030.08250054915
66500.32493468613
66500.32493468613
66969.37900360984
66969.37900360984
68409.42742322161
68409.42742322161
68880.7272366108
68880.7272366108
69590.92377124974
69839.34129258519
70779.43857761282
70779.43857761282
72219.57769307574
72690.42524164956
73650.18349495297
73650.18349495297
74120.82487186593
74589.33511019335
76030.18072698622
76030.18072698622
76499.14518254898
77210.06758648726
77460.3161171064
77460.3161171064
78399.1867357825
78399.1867357825
79840.38814431232
79840.38814431232
80309.96760496593
80309.96760496593
81261.00142706558
81261.00142706558
81740.65860781464
82210.57206251106
84119.54165416618
84830.47145672004
85079.43406353476
86019.0401964123
87929.21579963836
87929.21579963836
92690.75772889495
92690.75772889495
93640.86263462756
93640.86263462756
95070.6956905204
95070.6956905204
95550.68332889842
95550.68332889842
96030.36827876592
96030.36827876592
96499.70534634616
96499.70534634616
96980.39432651851
96980.39432651851
97449.84318449063
97449.84318449063
97929.08380167933
97929.08380167933
99360.43728440008
99360.43728440008
100069.28019213492
100309.51506172605
101259.20416313637
101259.20416313637
101739.55775781727
101739.55775781727
102689.50431510963
102689.50431510963
103170.43784732385
103170.43784732385
104120.26084544597
104120.26084544597
104599.61643204474
104599.61643204474
105070.06069040358
105070.06069040358
106500.55767869679
106500.55767869679
106970.31268906948
106970.31268906948
107460.29891899759
107460.29891899759
107690.96622478105
107929.31150046835
108879.30390985808
109359.81808839426
110309.15973519873
110779.7658763441
111740.73434307775
112220.83563807642
112690.62976511169
113170.36768778971
114120.13493198935
114589.62301057784
115310.34557303356
115550.00089898745
115780.46666613752
116500.77020560058
116979.38498144779
116979.38498144779
117929.57951601961
118399.25610787212
124119.48138631273
125549.8580917934
126020.93666677557
126980.41517920211
127449.39116038298
127930.72763833063
129830.73242057605
130549.0920443708
130789.3962333562
131739.21159645537
131739.21159645537
133640.12825017466
133640.12825017466
134599.2635960538
134599.2635960538
135070.87062660477
135070.87062660477
135550.60499594192
136980.2561302719
137450.0435377006
138160.71259571472
138409.2102862878
139359.9897633492
140789.01593452302
141259.90674198218
142219.22801555358
142219.22801555358
142690.64024321834
143169.05449686648
145069.3225793971
145069.3225793971
145780.61097152208
145780.61097152208
146980.31337927375
146980.31337927375
148410.15724922848
148880.07428191495
149840.9166902337
150310.13042705006
150779.93612287962
150779.93612287962
152219.08750632784
152689.16150211936
153399.1979208575
153399.1979208575
164129.54086861323
