2869.288975230543
7279.025244601068
8409.83467652479
10259.703522746506
13959.802522734024
15350.820308068855
15790.173109802683
16259.240397079484
16710.831603879502
17060.95827346841
17650.56540878154
17889.913164001096
18319.06740553024
18559.87460945202
19479.984037975893
19729.966535716103
19949.69781467166
20400.970726053973
20750.31530152918
21100.113415929372
22020.024819589795
22250.369819627755
22740.272603991965
23179.97679919931
24099.325378088506
24439.53095894879
24789.03587302555
25029.192826979564
25710.533816124032
25939.626979958262
26869.45930277286
27789.60002779001
28479.445361454025
28719.716160064007
30560.117271637097
31250.145421931196
31479.017278568892
31829.68367955001
32170.970027449413
32410.975667998777
33089.29185432511
33330.5049822691
34250.7869922164
37019.32063004349
37949.81276252728
39209.18187503586
39560.610823304516
39799.25800029436
40480.70405120482
40710.39633828942
41639.10465612197
42559.70792480824
42899.56533858742
43249.0123037389
64719.6856434928
64719.6856434928
70260.72506027845
70260.72506027845
73949.30915145161
73949.30915145161
77639.30231040661
77639.30231040661
79019.7521623432
79489.80224991697
80649.80633862602
80649.80633862602
82029.22589529755
82029.22589529755
84100.76633650469
84100.76633650469
88509.58980358132
89640.65096322056
90560.42991990845
90560.42991990845
90900.95643133676
91249.65152425165
91489.498029349
92170.07327059745
93329.19787090158
93789.99831522722
94250.07455175638
94940.8187075769
95420.71895981034
97020.70294163545
97710.44904581591
98289.79102434417
99790.62177399278
100719.65709960861
101980.64121985914
102569.94626845047
103479.01112707454
104409.20770394696
104869.94233814195
105329.33831419941
105669.55088124528
106019.54854397685
106260.63727449304
106939.52832544936
108099.01843448772
108560.32384460318
109019.22037599375
110870.84114132677
111789.9227924477
113060.91178600713
113640.40863648006
114329.58055626505
114560.21953928622
116750.53527213141
117339.89613732189
118250.16579607475
122880.5243611487
126130.47819922362
128410.83762876659
128410.83762876659
