34289.90418240757
35680.87446983618
35959.28585434771
36139.64995527895
36599.636878140176
37060.71773116134
37990.43973848072
38729.56814712595
38910.47371608897
39370.29815222952
39650.06802610883
39829.114348953335
40300.8063553549
41220.62343634275
41680.46817907918
42139.77639891364
42599.06413676081
43059.557262574795
43990.95506612506
44449.26010183877
44910.97300174149
45369.598917476804
45369.598917476804
46289.062177144384
46760.36163335337
47219.43679078313
47680.30870420732
48140.534226216514
49059.21957281684
49980.57771733234
50450.22422734725
50909.2623630517
51369.29436583127
51830.50693520968
52760.4451139589
53500.296640661596
53680.11679998664
54140.15441410002
54420.65561858158
54600.971195097365
55070.03568673847
55339.91897900688
55520.448702036694
55990.094465832335
56450.98359870288
57369.83975767687
57829.5899724265
58110.37853954667
58570.054384706404
58760.36038328272
59220.84421566802
59680.77498210381
60140.78916444025
60599.338035364395
61060.994443802054
61529.98166769157
61989.51377695699
62449.02294314136
62909.27643045006
77680.01329532076
77680.01329532076
92450.91752910125
93370.064197802
95039.48321735275
95220.61133808541
95680.38584208938
96140.19065350492
97070.13023448654
97980.52516261721
98449.0251424334
98729.08826824278
100759.6893380476
101679.20752200413
102140.31212946944
102879.52160291627
103069.94795254437
103989.61427820753
104449.99199421199
105369.38733083311
106109.40814286194
106299.16877903575
106760.70385963013
107220.82148384444
107679.57881116366
108139.20781893696
109059.06137267005
109989.61195859911
110450.62719874183
110689.70121917206
110910.45705578009
111829.12332073388
112579.27823289612
112750.47051858407
113219.76514540859
113500.91828671368
113679.78295303424
114140.62402505052
114600.35223074991
115069.73038120105
115290.12818770157
115529.24196405929
116449.90090909544
116910.0184942475
117190.20110504246
118290.28356179291
118759.80900344948
119220.49376456418
120139.93163853843
121529.37284801208
122909.90437466658
124760.25027796144
125220.45164617752
125680.33576343628
126610.76791871474
127520.65264811528
127990.18417469566
128269.58839436356
128450.47753685352
128910.60020281239
129189.26719526098
129370.38757931524
129840.0305529051
130299.14619451265
130759.79209589062
131220.39810354018
131680.92952111817
132419.87351818802
132599.8823198783
133060.5380553711
133529.09343367373
133990.03206784377
134450.30396464482
134910.02082647334
135370.5506578123
135650.5437477302
136300.9889538171
136760.4676643581
137220.80339306704
137679.1236056374
138140.78977143276
138599.21642652206
139990.93853737434
140449.60257308852
140910.34718506358
141369.81454520728
142109.76392030844
142759.39257429246
143220.20770764575
143680.33464323333
144139.1249322698
144599.25778299727
145059.94669528335
145529.1885991186
145989.0887287181
146450.41870182307
147830.0045618258
148300.39951093856
148759.77827119414
149219.33964389103
149680.2477604413
150140.69450724797
150420.44867362815
150600.39905401468
151070.78204030253
151520.79197220856
151989.5938276542
152439.82914834697
177830.29904272372
