8260.994093434578
9169.386202610303
10970.87870058722
13709.085768971143
15509.33607699158
19140.369485799667
20920.018248544333
21809.333756409527
24530.4810576983
27240.4883650957
29949.62033071768
30849.976448070272
32649.5707701352
33559.11943186077
34450.76156948202
36260.661994492424
37160.11877557795
39419.68292809511
39869.853200834674
40770.82568139235
41669.30769535815
42180.29696632525
42590.384444152696
43479.06314379421
44379.992315924705
45280.844794696786
45759.09866208165
47090.25912629947
47989.058164643684
48889.984450541444
50250.093178197756
50699.540587200674
51599.57151465025
52500.720039255444
53860.911453578956
54309.86801083487
55209.89585239238
56110.81574835459
57019.578173110596
58819.67329900499
59720.92811382318
60649.87173826726
61080.26660750645
61520.389394238446
62430.55668702639
63329.30633253312
63770.7298084922
64689.51206533663
65129.68812200842
66939.09074570282
67839.03936664372
68289.50757933901
68739.62351485234
69650.86312758546
70539.06754228688
71460.78829138575
72349.89367811568
73260.8811155286
74149.1083735001
75960.72986159752
77759.68663451825
79120.8625526577
79569.27278992253
80469.06202641103
81369.37665796244
82729.73577985623
83179.72566772987
84080.25606542028
84980.26627745453
87689.46736267887
88590.46242112045
89080.9464733745
89519.3718306423
89950.77251966503
90399.82875703678
92199.9201351231
93559.19179267023
94010.64522080941
94910.59990639357
95809.21877521303
96300.41083088426
97159.51766360566
97609.4481314412
98519.6133343789
99419.25944763317
99920.44347745963
100329.83737399445
101219.02273942207
102119.69206844541
103030.41426697519
103509.87940571897
103959.60527187295
104390.69710020516
104829.86917545744
105739.60243414335
106630.74839652363
107989.41071653055
108440.14456317332
110239.1843164198
110730.61498413424
111600.00882644723
112049.29480126516
112950.66517266863
113849.10713610127
114359.77851272549
114770.94792292466
116559.968781362
117459.89334072573
118390.78387043331
118820.61694008244
119270.36865206395
120169.71243112764
121069.11422829301
122430.55859581329
122880.5243611487
124679.35499051276
126040.26265916486
126489.10424493073
127389.32463935818
128290.24629810866
129209.3168736674
129650.97227857205
130089.3217833378
130999.7195796156
131899.77096732083
133700.3894311218
135510.4560023066
136419.15868268016
137310.9559933502
138210.6375186596
140030.11906718768
140469.71124924844
140919.80531618852
141830.47973615123
142720.87930707552
143640.1425425309
144530.22320176134
145440.6435919579
146330.0400106941
147259.75572882587
148139.62657402214
149049.61786579667
149939.1959806345
151300.8399538636
151749.72410994017
152650.9738101194
153550.7713586739
154459.6825548545
154909.78443919824
155359.31416866434
156259.80264077723
157159.31809441565
158079.59571241005
158519.517789278
158970.93102808346
159870.52261134394
160770.82558576151
163489.7264148137
163489.7264148137
167079.0958429675
169349.60789713677
170700.4496306572
