14800.32829292845
15659.537397227366
16729.725833491164
17369.321729910796
18229.834996555674
20160.793258125097
20370.181053586035
20799.563464619816
21660.399208596955
22519.53001677408
23589.92862841931
23800.59615828131
24230.781353424307
25089.287029824303
27010.977980696603
27230.95859292321
27660.97418443424
28509.491574816377
28940.288199792183
29579.776043088357
30440.91332365657
31090.352082772963
31299.149436649415
31510.488486639628
31730.88849716859
31950.703868971897
32800.13504744745
33869.71369113209
34509.43525413496
35370.93435040703
36230.91760101637
36440.904874764055
37299.463439286126
37510.25955024269
37940.45367084287
38370.80061993394
38799.36500178671
40520.175345621945
41370.80417578822
42230.500005180984
44160.52199774214
45229.65234038563
45660.21122323773
47580.73253528755
47800.5362159412
48230.758941880784
48889.984450541444
49080.66066159858
49729.035346603814
51010.4835977849
51229.71110063228
52090.06328998261
52509.07540763591
53370.46926870357
54440.65031635693
55090.31251631883
55520.448702036694
55940.58984550892
56160.32596676589
56800.727316811346
57870.161150011
58940.053265482755
59369.97657297142
60229.425422660126
61299.79813240094
61509.26119534174
62610.4111407942
62800.79709264407
64730.69458905608
64940.58561435817
65370.44031128767
65799.55776136414
66230.77980420644
67090.18394909534
67939.09183295169
97079.70093296393
110799.08699950838
112300.56072146635
112730.08066990766
112939.0044309501
113369.36795966019
113799.46462181392
114009.65448342232
114230.29917954949
116800.00380769727
116800.00380769727
119800.91641934011
120229.57776772148
120659.90454427409
120869.23297462404
121080.91708397302
123009.54126620803
123869.87074376304
124510.13696621083
124729.93767130855
125800.65661479211
126229.2352667164
126440.23584596463
127510.53793048597
127939.8199462829
128800.61289739313
129869.91064879863
131179.84019687044
131370.95494870545
133299.16268797126
133939.59383529844
134370.62235499825
134589.82349301357
134800.37961104835
136729.2683971264
136949.0669490579
138229.95152807454
140160.88627176904
141229.62229506113
141660.02741832522
143579.44798231806
145089.3491744344
147009.2448463596
147660.88716629427
148090.4378226765
148300.39951093856
148519.99381034457
149370.282590344
150440.83500219238
151520.79197220856
151939.13975738845
152800.5247960361
153869.19465185865
155159.63934188322
155369.67073803712
156229.27423517802
157300.2240915275
157520.70208715476
158800.68173643097
160730.88897703902
161369.9266456784
161800.75250003632
162020.92298095603
162229.50103006454
164160.36752211227
