14349.456694540851
14769.643257702204
15189.350709200256
15610.818753761567
16860.84113652525
17689.134986966437
18379.11932901169
18519.726144096414
18939.484639462844
20190.807498486458
21019.6854278022
21440.120035291035
21859.661477185684
22269.674836758375
23519.51271675456
24359.08380195753
24770.39651220465
25049.853452529816
25190.45360853933
25610.757538447535
27690.93928716676
28520.345328536012
28940.288199792183
30189.996251349476
31439.419205753595
31860.331421525316
35189.524184488866
35609.19367783453
36440.904874764055
36859.4626065811
37690.95926006878
38519.81677126828
38940.12527949462
40190.90452892568
41439.18845066886
41860.60191822898
44359.58514354963
44770.56881853888
45049.604744372366
45189.111391123304
45610.3134657
46860.434839640526
47689.38869311809
48519.90368633162
48939.03284359983
50190.02177820512
51439.69887262206
51720.78985503152
51859.075660182025
52270.801849872994
53519.19363030677
54359.866276363784
55190.55857539984
55610.598800242595
56859.56830089613
57689.390473744446
58380.572895305384
58519.67710409082
58940.053265482755
60190.920817785714
61019.530334047864
61860.74109628725
62270.5681590166
63519.3417386285
64360.714389709785
64770.8302674136
65049.98415373035
65189.31327673282
65609.10172425659
66859.30042497664
67689.18051035004
68520.54983541882
68940.51914399726
70189.1513818197
71020.10296440944
71439.42831623342
71720.03817838123
71860.01690554651
72270.96934145421
73520.98436919696
74360.56544870709
74770.20932712774
75190.31894622273
75609.44006677148
76860.25822918487
77689.23048536024
78109.95877501332
78379.03898498199
78520.34543988205
78940.21063007344
81020.58358958439
81440.43179015958
81859.84985878179
85050.97954034056
85190.733051595
85609.9971116068
86439.98122633634
86860.26787244494
87689.46736267887
88520.88048570835
88939.82229640287
90189.5311134021
91019.19262040807
91440.37875792809
91720.20368310848
91860.74885654391
93519.81564123859
94359.22035869723
95190.29364228017
95609.9867693774
96439.91128334579
96860.51244591555
97689.01645012829
98110.38528718507
98519.6133343789
98939.0797834666
100189.96235066417
101020.43186192335
101860.999393605
102269.32259327664
104360.53247246421
104769.07775673324
105050.17366986681
105189.49623340643
105610.32935421185
106860.63984807841
121020.38626697319
121440.4390225604
121859.42908633812
124359.9060736185
124770.68727452864
125049.77117295141
125190.18269819327
125610.18064781485
126860.09879974584
127689.13749961578
128519.78277469109
128939.40179900241
130189.97200115194
131019.05736492563
131439.0049419332
131710.2555281166
131859.95478204766
132270.19347270933
134359.87719799828
135189.7195465207
135610.7931850936
136860.0012672273
137690.74674344473
138110.6175903909
138519.09103049166
138940.6000996141
140189.96441018255
140189.96441018255
141860.3757714081
141860.3757714081
143519.12458390082
143519.12458390082
144360.17333373116
144770.07279683586
145049.80028844066
145189.19762385715
145610.68489730358
145610.68489730358
146860.32567478943
146860.32567478943
151029.38180928634
151029.38180928634
154359.44251347007
154359.44251347007
161029.37946097634
