14980.58260053479
15400.695201391041
15819.193334699117
17089.37063410467
17509.037473127868
18360.528570326813
18779.23684583561
19199.755788169172
20470.475747923698
20889.55226074123
21580.39701817426
21739.016422980043
22159.089055878743
22580.36225427672
24269.62195833788
25120.130297045613
25540.685921356926
25959.005013742088
27230.95859292321
27650.314975025634
28339.825192675962
28499.997134943467
28920.472725616524
29340.089848314423
31030.06772595009
31449.950728326297
31879.822579513442
32300.886300982682
32719.535498348385
32719.535498348385
33990.660413815145
34409.69005360898
34839.85892839725
35099.28491659124
35260.693737087626
35680.87446983618
36099.31126925335
37789.447527390555
37789.447527390555
38640.03701620901
39059.61754751114
39479.1181314567
40750.958799715634
41169.62955625248
41599.39688605576
41860.60191822898
42020.49748949649
42439.84903798817
42860.96600774059
44549.2091466513
44979.66788142261
45400.58390066476
45820.963289394545
46240.82670425764
47509.808925069934
47509.808925069934
48360.74081861209
48620.74918462627
48779.67172389228
49199.137960494605
49620.47912566913
51310.12205686398
52579.408191367824
52999.51155691364
55960.073947098936
56390.5380545351
56810.39735801183
58499.09794855357
58920.154189100715
59340.0935008111
59770.4417799751
61030.12695060552
61460.33395650704
62140.419738643024
62299.67668275207
62720.56863739519
63149.2332522385
65259.82319815301
65680.73268135013
66100.80126564796
66529.23775131158
66949.69418019951
68219.16310678056
68899.29531610207
69060.0599878082
69479.6581587668
69910.59133582635
70329.68873242792
72020.08222815079
72440.37839021804
72860.05799611458
73289.90860459753
73710.90604027174
74130.19924477977
74550.6261317512
74979.10528355838
75400.6481271045
75819.70206068672
76240.71777773071
76669.66594048208
77090.92398684927
77090.92398684927
78360.53947554535
78780.98206287992
79200.02668940197
79620.45106751876
80050.51488285311
82579.79007705626
82999.5894771869
83429.0242246503
85120.03371653026
85540.25909501752
85960.51954359688
86379.13498192329
86810.53005631878
87229.32270779037
88080.66576405166
88500.57363243018
89340.71119075657
90189.5311134021
91880.46307873714
92299.92171647525
93149.79221733204
93570.87838699111
94839.92812537857
95259.06804284512
95680.38584208938
96099.79929203988
96529.33915668687
96950.81854324695
98639.39881644759
99060.0698047522
99480.31975086908
99910.90623555936
100329.83737399445
100750.41163782014
101600.57768436299
102019.68091265067
102450.50565563932
102859.98164934038
103290.0548525146
103709.07533986426
105399.85034680874
105819.97812861149
106670.81654120825
107089.75274035768
109630.08122853492
110049.93891712026
110469.97730217449
112160.84851092444
112579.27823289612
113429.60040629357
113849.10713610127
115119.88916778205
115539.59227168618
116390.50746889945
116810.1879109877
117230.95841261435
118919.89504882022
119770.3124292805
120190.57218752346
120610.79982372627
121879.38459420174
122300.79144442032
122990.19228601106
123150.46970222132
123570.81776071701
123989.63120924041
124410.3873002009
125680.33576343628
126110.82391952047
126950.75808196786
127369.12412577869
128220.71189977488
128519.78277469109
128640.12828671769
129060.83572253377
129750.19859137388
129909.72849405222
130330.37067632907
130750.24321867664
132439.74158162103
132439.74158162103
133709.35062667602
134130.01811394742
136699.56364868092
143699.96718566844
