28180.184469704032
29830.044548346013
34749.4340112362
40509.35816148578
41329.98695975563
42969.95147236484
48730.074771970576
49550.79009141404
53660.89003170976
54479.027398479964
56129.98384507231
60240.048479400124
61050.54520132115
61880.5620749562
62699.19645205247
64340.53108620697
66809.62615930907
67629.0086023054
69269.27982395237
70099.62344589601
70909.71786121163
73390.47150271821
74199.1353126456
75850.72154769451
77490.93105266031
79959.61873759302
80779.61351196987
82429.5661686867
83249.1403214753
84070.35682340825
87359.31834788178
89009.0694750982
90650.9090813024
92290.87734524213
93120.22103576486
93940.99989024267
93940.99989024267
95580.85038931292
96409.15786141604
97229.2214509703
97229.2214509703
106269.53195726461
107089.75274035768
