1069.3254102169135
1069.3254102169135
4310.849082106396
5119.214477277113
6340.7717963611185
7550.762108873677
8159.522978103009
8370.783302592365
9579.038970278869
9990.606627198324
10189.647419008876
10799.886011035915
11609.929627979176
12820.701826415203
13229.399170322116
13430.556575249391
14040.405624093974
14849.446651096157
16060.949404802415
16469.203074146146
17279.58199673054
19310.018521292433
19719.498093513335
20529.731394936534
21339.33299020804
22550.795978189228
22959.1375946249
23160.609466986123
23770.80992833596
24579.262393171513
25800.920183956514
26200.177263104717
27010.977980696603
27620.50325752609
29039.366711694474
29449.76742649918
30259.352822750418
31069.70653014616
32279.245296043173
32689.78236206943
33499.361551515714
34309.56573822632
35120.30469183272
35529.48197832441
35760.941703749464
36740.59050768553
37559.66399961091
38769.46046910367
39179.05121702449
39379.99255572255
39989.471329582695
40799.1326240619
42009.62806394493
42419.64806791854
42840.99471396208
43229.63873199374
45669.722112393276
46480.149388578364
49720.155551945856
51210.61553933785
52159.78486950575
52959.92345995031
56200.82297602895
57699.644860592634
58230.49665898981
58639.74750675586
58840.6760387621
59449.78051012747
60050.013059893994
60259.00826310904
60939.9014166318
61080.26660750645
61469.07036809139
61880.5620749562
62080.624049414415
62689.49171739895
63500.84403040126
64719.6856434928
65119.4537062048
65930.03655344498
66739.72483840893
67959.18065593907
68369.08652531395
68569.86317709883
69180.5256557995
69590.92377124974
69990.26179395887
71200.6300391383
71610.45406091196
72419.44177147416
73230.82631448148
73770.05433850092
74449.16064987688
74849.16584235817
75050.21566449414
75660.85874901066
76469.24305646028
77689.23048536024
78099.5304329231
78910.47876581915
79719.35273625095
80540.16813633995
80929.74651989384
81209.81323357925
81339.92980027806
81539.39264009245
82150.64218093015
82959.61151607874
83640.12899801965
83780.18972962946
84180.67698807048
84580.65874999798
84780.38836959013
85390.62164645165
86890.60740995701
87019.63206607653
87419.768127811
87830.66443018366
89320.50744839726
89450.03577836516
90660.16677596809
91069.13035933621
91880.46307873714
92690.75772889495
93370.064197802
93910.2149498892
94189.51930438397
95119.47386289285
97149.7725677926
97560.59454494664
98359.46977137473
99180.65600671398
99990.64464191804
100389.37622428568
100799.68102988481
100999.55792305582
101610.49339807099
102420.13199217599
103630.9507355902
104040.6266107436
104239.26670574346
104850.31529446751
105660.24855918706
106869.62167171143
107289.5983104491
107700.23058219157
108910.57347124144
110119.68994219831
110529.67077448101
110730.61498413424
111339.99392902863
111999.44747328814
112149.17785761031
113359.61578931264
113769.75480098082
114580.15052088845
115389.19022267863
116210.86409298668
116609.25846813226
117019.26238343626
118640.56082152485
119849.11962586455
120259.72801240701
121069.11422829301
121879.38459420174
123500.53159086555
124309.14840655927
125939.2916205061
126339.33044384167
127549.62967362652
128370.79282078955
129580.30006158518
129989.61815321291
130189.97200115194
130799.22734317617
131609.7673380392
132819.36217581574
133230.32858365163
134039.82509812404
134849.1111399949
136069.07940883655
136479.05525311842
137280.2989728654
138099.38860250916
139310.84078841054
139719.44482921812
140530.54313938765
141340.47892095018
142549.2919147711
142959.0457243614
143769.7862426636
144580.67088401417
145800.90466659158
