40199.60008704663
45219.66472518393
59500.855148117116
61710.81232356923
76180.47974554727
76979.2766002506
77380.11977710473
78180.3562553411
79390.53104801715
80200.36940479116
80590.71701273439
81399.974240542
81810.3238076188
82610.0566683878
83210.11903072344
83420.45544169971
84219.1903061804
84819.95725722407
85029.85217415511
85820.33639495188
86640.42620235562
87030.75060459056
87830.66443018366
88250.6642900255
89039.80033315267
90250.62290181348
91050.5985440324
91459.17015669108
92260.12033824727
92860.36850581107
93069.16479329244
93870.06604716394
94470.16564774432
94680.17136941935
95079.84532182256
95479.43190843004
96290.98645606346
96680.89387560992
97489.14285561835
97899.80803409126
98690.02719152544
99510.55872971097
99899.6917050368
100700.58510924238
101910.20616258256
102509.45968876359
103520.65268811572
104120.26084544597
104329.7748455984
105130.8750839183
105940.69120421456
106329.31890668943
107139.32088536303
110770.62041942988
111160.64737028327
111970.27420205959
113170.36768778971
114379.33838599837
115179.77724331472
115590.91599217051
116390.50746889945
116800.00380769727
116990.67574578612
117199.41363268756
117999.59916186518
118599.70070190718
118809.48609099959
120420.08256692503
120810.83983145843
121619.9540217626
122020.1208657837
122819.59024023236
124029.63520839061
124839.07388219768
126040.26265916486
126640.06540250867
126849.46441623181
127650.71591374636
128259.04910653796
129249.41330435524
130069.0436459318
130460.57001168405
131269.40416304584
131680.92952111817
132470.4698617553
133289.39791212743
133680.66555342556
134480.5505533956
135690.81437528675
136289.64310049004
136499.2623629724
136900.11665142534
138110.6175903909
139719.44482921812
