25869.005523826003
25869.005523826003
26670.95977761009
26670.95977761009
27269.527340831228
28680.14918349183
29870.257653588058
30480.086729947936
32080.625565296188
32270.22834156896
32879.632559384394
33070.75059721518
33479.994698372284
33679.60982991115
35089.68631597246
35279.368317110515
38479.844593382564
39279.4241231423
39470.88055560843
39880.74764671577
40080.22277944718
41479.050642380134
43280.92552694928
44880.140975124144
45679.25152758873
46279.06889218747
46480.149388578364
47880.579248141745
48079.00621852864
49069.709905449214
52270.801849872994
52879.70144833774
54279.85735958549
54479.027398479964
55469.83305509059
57680.71784079186
58480.748585344096
59080.914212999145
59270.13871179831
59889.08601304151
60679.99859386654
61869.05179396335
62480.4011997684
64080.89673645604
65070.88934364246
65479.699731136134
65680.73268135013
65869.38213745214
67079.29292944584
68269.55226654647
68880.7272366108
70480.89779581944
71279.71693974969
71469.83382098893
71879.12453492048
72690.42524164956
73479.96680356447
74669.00401174978
75470.03038135411
90670.72079595941
93870.06604716394
97079.70093296393
98299.87889751597
99069.50101569465
103470.58423223515
104069.02711137399
105479.52261508728
107279.70818109937
108879.30390985808
109070.24401435743
109679.73516400375
109869.92146678182
110279.19335761631
110480.99513258455
111889.87843111026
112080.96343768104
115469.69695944196
116269.05212658586
116679.60757364465
118279.77594290239
120080.01889986401
121679.25999452952
122480.3854464222
123080.3668887977
123280.79898514693
124690.33449046087
124879.21201164342
125869.04791883001
129070.78165387346
129680.37394502494
131079.61957222808
131279.25167041682
132270.19347270933
134480.5505533956
135279.1482838717
135879.758634325
137480.45377254684
138669.47526745766
139280.89159524385
140880.38115586087
141070.56160276587
141870.06056433957
142280.37998274417
142479.78935450362
143880.31702654247
144080.14403862116
145069.3225793971
145679.0235774601
146669.7486216926
147279.03929382577
148079.1215868184
148680.95839923932
150279.53301865456
151470.52558746186
153679.88604869507
