1029.8642217406496
9839.45096870832
13830.77694745772
15630.082241464763
17039.07525067264
17839.154930464698
18829.283800203357
19229.85122333348
19439.180903600296
19829.379304932692
22039.13907084937
22039.13907084937
25230.285893595876
25630.35428408126
26630.077233317108
29840.82031614138
31639.21232094879
32029.210916672
32230.513567566788
33029.2695369418
33839.62293322304
34839.85892839725
35439.318357064636
36240.283512874514
38029.864185609804
38430.00696333871
39030.442709337534
61040.417306602205
65839.42714284833
67439.14363621254
68230.72587221184
70029.51606464497
71439.42831623342
73230.82631448148
73630.25673339266
74229.214092911
74629.29900145339
75439.56466954421
76440.6537673183
77840.01497095391
79629.23762256038
80630.47254275234
81029.26196281337
81840.65256724684
82829.76860982095
83440.73228430434
84240.94172983765
86029.76494051193
86430.2688278348
87030.75060459056
89239.96090732563
89840.58800434913
90640.91279676369
91440.37875792809
92429.97439941054
92830.63086397228
93039.00483158547
93830.44034950029
97839.20526970498
99229.97091031492
99830.3194887961
100229.6139392107
105230.26540209897
105630.68032402608
106229.7078959266
106630.74839652363
108440.14456317332
109039.11056583186
111629.61215570204
112030.46426177252
114840.54815539838
115440.78406561629
119030.7676980073
119430.30095819918
120239.3530136338
122640.41150680366
123439.24242184938
124439.51384570138
124829.73329878727
125440.65253105774
127640.1544864604
129040.08724849694
130439.66575695165
130839.60450017823
131230.45627752875
131439.0049419332
132229.48873583126
133040.35877188726
134039.82509812404
135440.45018150468
136239.8855782789
137240.3361667302
137629.157785921
137839.56474868086
138229.95152807454
138639.3627223653
139439.66622384358
140440.71466656012
142629.70743382061
143640.1425425309
144090.49037957416
144340.30432089616
145450.64114588223
