4260.74345501766
10409.043191899382
12999.640816288698
15390.570536733765
17060.95827346841
22670.434998789708
23459.152381350174
26659.81344058137
28259.492231041237
29860.037671363236
30670.220414263316
31459.227735464377
33860.19818443091
35460.51398938689
36009.38295171536
36260.661994492424
37060.71773116134
39459.93583037746
40249.93534442329
41849.29891795178
42659.65740527105
43469.71587942175
43469.71587942175
45859.73952315437
46660.85604024041
48259.00265788782
49059.21957281684
49860.05347491708
50250.093178197756
52259.41834736633
53050.34445992424
55460.59117344735
56270.588891707484
57459.93969934147
57459.93969934147
58470.92284741169
58659.113079450886
59459.05233383664
60660.69436503484
61060.994443802054
61860.74109628725
63060.22533586208
65060.42182558333
65850.63938425032
66260.21079221136
66459.78527163918
67449.5220937615
68260.45723511337
70260.72506027845
71460.78829138575
72260.68550608937
73459.18754072388
73859.7280103711
74659.18717358452
75860.50538534585
76060.02314713564
77859.0345941966
79059.83965213635
79259.93097354624
80250.76558380929
81060.1407036778
81660.15612328073
83069.86286509037
83470.34642599603
84070.35682340825
84260.72347880677
87459.5731230501
88250.6642900255
90470.53718292214
90660.16677596809
91459.17015669108
93860.9934264133
94459.56811238531
95869.2335592194
96269.55688425626
96870.82040351102
97059.61438898339
97860.22586079738
99460.15913576342
100260.45579836151
102660.10808785885
104260.03199342752
106659.07107545264
107259.68950623747
108480.56053236319
108660.15435043813
109669.78353839347
109860.9523524507
110659.21793069254
111860.80978064319
112259.91274763505
113060.91178600713
114259.29210498204
115049.93245367215
116260.11728385936
117049.42827281804
117459.89334072573
117659.22727892638
118649.30608189401
119460.14237499297
120269.67290048895
121460.01853560214
121869.88373631924
122659.23983969202
123460.85707891648
123460.85707891648
124659.16633057162
125060.77344740811
125860.2487122707
127059.07559079121
129060.83572253377
129259.36908018269
129850.16598618725
130259.44864926569
130460.57001168405
131450.61309703765
132260.93779896197
140999.2068818426
141820.09806391777
141820.09806391777
147069.20670624397
148260.38091393886
149680.2477604413
150659.1651918649
151450.00506736676
153450.34728708587
154670.98921856598
155459.81026320276
157049.37791877176
157859.67048085318
159859.93631198845
160870.16837763044
161060.87609365673
163059.9609430988
163460.78814711398
164260.6847468243
165460.44442053905
166250.90783375342
167460.28406896594
168659.8345419386
168859.3367330271
171079.79155312025
171469.24155111695
172660.6853527053
173069.80842679355
173860.87165825302
175859.41738774913
176260.34264597204
177060.88146461904
177469.36521801807
178259.36363484192
178459.1496311119
180259.3774369079
180259.3774369079
181460.25148151533
181659.8829635163
183459.64420278452
184060.97562639575
184270.72299278487
185460.11932051188
185869.36449207968
186469.38613209387
186660.5684777185
188660.18913202296
189060.63563565077
189859.31823063313
191060.16836864268
191260.48808196356
192460.72028918145
193060.05295493285
193849.4023592106
194259.30223196282
194459.07541015287
195450.95853934137
196259.33383578155
196259.33383578155
198259.64384171698
198670.81976376454
199269.78811155172
199460.05784523278
200260.64503887613
201459.36981153162
201859.83302343168
202660.0063772932
203859.26559418908
204060.47051179703
205670.91121162387
205860.24038701752
206060.83963625407
206650.95278891257
207059.5891880867
207260.88409768662
207460.0324234123
208250.9014958932
211409.8859866169
213679.1375990032
218619.6396105232
220199.07173823114
227469.6165322065
227769.2026140927
233900.5009881103
