5349.7242242086795
5349.7242242086795
8280.106209660225
8280.106209660225
13480.299741575946
13649.045115146086
16670.789524775842
16670.789524775842
18680.51016645742
18680.51016645742
19879.76735394303
20279.169811020518
22120.68287606103
22120.68287606103
24269.62195833788
24269.62195833788
25080.73987365386
26279.91038313055
28280.909138332074
31479.017278568892
32680.09900726616
33080.41158189936
35810.06405575017
36200.0008831527
43469.71587942175
44279.68138416918
45479.66713706707
45650.69749858897
49870.43293431927
50680.751621721785
51879.099541907766
52050.931974963016
55070.03568673847
55070.03568673847
57079.20962737885
57079.20962737885
58279.62650980131
58450.04868652305
60280.08715858885
60280.08715858885
61880.5620749562
63480.72253586376
