16129.541578946402
17699.60392201056
17699.60392201056
18149.01814778569
18340.2036740907
19269.900834932214
20839.053411730903
20839.053411730903
21629.077062745513
22409.72929361752
22670.434998789708
23189.262291044677
23980.664654193475
24619.265944824194
24759.39401494991
25540.685921356926
26329.35601567075
27110.365734009916
27110.365734009916
29460.75123364515
30249.736428086668
30889.738629317457
31820.46535908266
32080.625565296188
33389.41707834953
34959.92377318242
35740.22021837981
36529.93343098275
37309.02157605074
38089.55269725908
38879.29102874297
39659.6577503427
40100.970301394285
40449.39019420516
41229.4474590637
41229.4474590637
42800.5160507434
43249.0123037389
43439.03088719007
44370.472412141964
44629.44596527836
45939.21699186457
46579.985420324934
47499.59935241327
48289.606783107956
49069.709905449214
49709.4901371986
49860.05347491708
50639.01827869333
50909.2623630517
51429.03353622187
52209.22217791238
52209.22217791238
52879.70144833774
52879.70144833774
79669.19831328244
80449.06573126369
81230.64235553237
82020.89336041243
82280.36128353025
83580.57064972403
84369.86084680753
85149.78573127596
85940.841970623
86719.29747160272
87359.31834788178
87509.60803535358
88289.5529926868
88549.5120643097
88690.25682910578
89070.24950040266
89739.29757942862
89860.00383232089
90520.16754060022
90640.91279676369
91429.40293630895
91690.46417242147
92999.1886556075
92999.1886556075
94569.94139427932
96129.06319042126
96580.86425041562
96769.42205735017
96919.43680293173
97699.10055488202
99270.81559240603
99910.90623555936
100060.87614898318
100839.67339238335
101100.77899531556
101620.67466299854
102409.9353190939
103069.94795254437
105210.29925319708
105539.99344883642
107110.52092220348
108679.22663658555
109130.66041640745
109319.98062509797
110250.46938549273
110509.29227801964
111820.55411908877
112609.94162671984
113389.96020920797
113650.55191902592
114169.24017104723
115619.91832681319
115740.75966912395
116530.17234361917
116530.17234361917
118089.57939525456
118539.00431727812
119659.88724464146
121229.03633283297
121869.88373631924
122799.4496702777
124370.36446598632
125159.12317132002
125939.2916205061
126199.85431230433
126719.21330773806
127389.32463935818
127499.52292240034
128170.87176489562
130639.12936512688
131279.25167041682
131430.01192048413
132209.3136688226
133780.50942528408
134420.8048891899
135349.63126437663
136920.51615638536
138489.2115270626
138489.2115270626
140720.64751571254
140839.6728634322
141620.89221356425
