4029.3647185215304
4029.3647185215304
10030.195344567372
10030.195344567372
16030.418717220691
16030.418717220691
25020.545143848947
25020.545143848947
25780.620425417263
25780.620425417263
26900.92960281333
26900.92960281333
28020.66432476929
28020.66432476929
28779.847353727193
28779.847353727193
30279.498175304634
30279.498175304634
31020.352109676776
31020.352109676776
32900.677069826976
33280.94953040309
34019.163870869335
34019.163870869335
34779.58795292152
34779.58795292152
36280.36034125676
37019.32063004349
37779.36705236958
37779.36705236958
38900.98061417772
39279.4241231423
40019.982341394556
40019.982341394556
40779.61015132027
40779.61015132027
42279.816281936255
42279.816281936255
43019.69778086476
43019.69778086476
43779.47635197137
43779.47635197137
45280.844794696786
45280.844794696786
46019.50198498641
46019.50198498641
46780.85154110903
46780.85154110903
48279.00260147475
48279.00260147475
50149.06654549264
50149.06654549264
55399.51299045428
55399.51299045428
56150.76939198637
56150.76939198637
58400.08634515062
58400.08634515062
58400.08634515062
58400.08634515062
62150.78036210869
62150.78036210869
66650.69423118306
66650.69423118306
73020.61784421184
73020.61784421184
74900.56330618101
75280.19495772217
76020.2181637813
76020.2181637813
76779.67117956269
77899.35836284864
78279.03750597576
79019.7521623432
79779.3530441015
79779.3530441015
81280.8138464465
81280.8138464465
82779.46281751564
83899.5090842715
83899.5090842715
84280.73673728772
85019.80513045682
85779.17909585619
85779.17909585619
86149.4391827561
87280.47778852991
88020.21225334666
88020.21225334666
88779.2572222751
89899.13134952655
89899.13134952655
90279.06268600018
91019.19262040807
91019.19262040807
91779.37185798823
92899.89005810457
92899.89005810457
93280.79190027209
94770.37230164885
94770.37230164885
95520.97380101119
95899.25454827535
96269.55688425626
97020.70294163545
97780.883340363
97780.883340363
98339.08876237432
99279.23157199961
100019.90041899512
100019.90041899512
100780.73335705257
101900.26899620531
101900.26899620531
102279.69467856422
103780.85304122206
103780.85304122206
105280.16970347454
105280.16970347454
106779.43108791138
106779.43108791138
107900.74082243387
108280.00633355105
109780.83012871035
109780.83012871035
111280.07281905015
111280.07281905015
112019.31321556166
112019.31321556166
112780.3884377937
112780.3884377937
113900.97497871633
114279.70605328819
115020.1749697274
115400.9974886211
115780.46666613752
116150.43662249108
117279.25558039687
118779.76132581908
118779.76132581908
133399.1827146959
133399.1827146959
134150.31099653826
134150.31099653826
136399.47214297985
136399.47214297985
137149.63294495543
137149.63294495543
138650.04993249124
138650.04993249124
139400.26294319623
139400.26294319623
140150.43967196287
140150.43967196287
142769.3316132827
142769.3316132827
142769.3316132827
142769.3316132827
