9650.58914466253
11720.722873103176
12649.164637072105
15650.52705181582
16259.240397079484
21650.45860684037
24650.472215891594
25249.18989114835
27650.314975025634
28250.59561208404
33649.22776909551
36649.526739815825
39650.06802610883
40249.93534442329
42650.86771820471
44379.992315924705
45650.69749858897
48650.230147136295
49249.13267593017
51650.78566365815
54649.53681067257
70029.51606464497
88030.44730858256
88030.44730858256
94030.28673373561
94030.28673373561
104920.89737372963
109790.12932591965
113920.99562359945
116919.72482396732
128899.75628836647
128899.75628836647
129650.97227857205
130400.6842534726
131719.0694013522
131719.0694013522
132650.66026684677
133399.1827146959
134390.0382226269
135650.5437477302
136399.47214297985
137899.45530020024
138650.04993249124
139400.26294319623
140150.43967196287
140389.06893457365
140899.9937586659
141649.37710891504
142399.20434423635
142399.20434423635
144649.04631869492
144649.04631869492
146389.9815579233
146900.05535016066
147650.07296978927
147650.07296978927
148399.8989774933
148399.8989774933
149900.0209117281
150649.5962946415
151260.2945663412
151260.2945663412
152899.06428004793
153649.719330341
154400.2209390779
154400.2209390779
155719.29565272058
155719.29565272058
156649.65270422102
159650.0703242317
160250.41825557794
160399.00024446752
161899.9155995418
162649.455564264
164900.4465974109
165650.22875389238
168650.02730047793
169250.16835847023
172250.53739186245
172400.41161820575
173900.56369347643
174650.24507897155
175260.7626936634
