20529.731394936534
31020.352109676776
31639.21232094879
31770.035579193027
32140.642293554378
32890.74764660823
34019.163870869335
34769.053354098665
35140.81211407834
35899.34016910823
36280.36034125676
37769.55680249424
38139.619262019514
39269.752382612314
39890.570897625665
40779.61015132027
41389.19680590977
41899.4003338762
42139.77639891364
43019.69778086476
43779.47635197137
44390.5452071567
45890.499889506216
46780.85154110903
48279.00260147475
49020.3343234713
49769.652609623765
50899.06055246674
51269.9450394168
51890.8425479588
52019.87003672165
52780.7950178073
53390.688839940376
54140.15441410002
54890.62883702123
55780.93190704452
56390.5380545351
56899.071344813216
57270.177317457106
57889.56295080019
58780.244892043185
59140.06760775944
61019.530334047864
61769.19179402907
62150.78036210869
62899.197983164515
63889.012129592265
63889.012129592265
64019.63869476683
64780.62521953906
64780.62521953906
65389.59006598139
65899.00449406418
66139.0698261629
67780.01669085649
68389.17851983277
69660.87170362906
69660.87170362906
69890.34985936353
70770.82061942971
71150.44744156697
73779.49367320766
74149.1083735001
74900.56330618101
74900.56330618101
75270.44155927164
75890.30587028549
76020.2181637813
76770.50597643433
77390.89691288621
78140.79057252055
78140.79057252055
103020.25171724804
103020.25171724804
103769.90280147376
104390.69710020516
104390.69710020516
104899.54904692293
104899.54904692293
105269.41300344783
106019.54854397685
106019.54854397685
106769.31224319451
107150.69597926944
109019.22037599375
109019.22037599375
109769.72244080513
110150.56400175965
111269.59616682873
111269.59616682873
112019.31321556166
112019.31321556166
112770.72669359847
113389.96020920797
113900.97497871633
114140.62402505052
114889.88778869524
114889.88778869524
115770.25019979702
115770.25019979702
116390.50746889945
116390.50746889945
117889.24921071684
117889.24921071684
118769.96434690549
119140.18904724478
121020.38626697319
121770.3715863498
121770.3715863498
123890.12861717533
123890.12861717533
124020.36171112664
124770.68727452864
124770.68727452864
125389.02673487263
125389.02673487263
125899.66245249189
125899.66245249189
126139.09184314928
126139.09184314928
126889.98744031269
126889.98744031269
127779.32821012572
127779.32821012572
128390.7154322041
128390.7154322041
128899.75628836647
129269.99882294524
129660.68025481491
129660.68025481491
130019.02522872809
130019.02522872809
130769.67106292082
130769.67106292082
132279.99971279435
133019.29047166285
133770.4187197581
134139.55855946837
134899.6880351545
135269.73411983377
135890.3546085432
136020.32843290718
136779.12491379035
137389.34199209564
138140.78977143276
139770.05827217823
139770.05827217823
140389.06893457365
140899.9937586659
141279.85289973917
141660.02741832522
141890.22921825998
142020.25030394472
142769.3316132827
143149.40914075775
143900.24394609494
144270.10013184935
145019.93978841364
145769.48158087995
145769.48158087995
146140.46149390392
146140.46149390392
146900.05535016066
146900.05535016066
148019.6774124325
148019.6774124325
148770.56395549705
148770.56395549705
149390.78223382498
149390.78223382498
150140.69450724797
150140.69450724797
160019.42867840268
160019.42867840268
160019.42867840268
