4050.403119074051
4430.402196475127
4800.6106692066205
5169.809532193914
5910.127062417184
6290.897844475239
7030.873724105747
7780.834685543463
8150.615754123635
8889.856985403858
9260.007850534106
9629.229184730886
10009.612693240933
10380.608981426923
10750.404626864332
11119.15816641206
11860.432681785423
12240.44889996063
12980.078912423207
13729.161800391596
14100.408568198163
14840.120059072537
14840.120059072537
16699.97045058517
17820.05334991233
18189.450343134686
18749.764777567034
19680.09339463979
20049.3603689114
20049.3603689114
21539.112490187872
21910.22742361475
22280.942464953645
22659.883179382246
23019.902675287056
23770.80992833596
24140.180830983583
24140.180830983583
25630.35428408126
25999.162482258875
26749.93553518592
27120.124690958615
27850.651908310156
28230.976736121807
28610.355635234115
28980.04795135142
29719.84937631522
30839.323094357376
31580.653582637668
31950.703868971897
33070.75059721518
33440.297819566505
33809.28537167755
34189.571066351884
34560.28771431502
34930.88927474602
35670.826841703965
36050.94623107427
36790.2497973982
37540.4877578304
37910.0937388931
38650.4670956964
39389.8725473571
40139.50278740561
40509.35816148578
40880.925287233134
42000.10721929998
42740.596971803796
43479.06314379421
43850.591113655435
44599.82817235704
45720.15803373496
46090.70223494268
47570.86896531166
51670.93352093157
52040.18832849614
52410.97174951568
52780.7950178073
53530.19888358097
53900.693123047444
54640.82491509161
55389.39056204221
55760.319717712475
56880.52462585132
57250.115167242555
57620.61312022209
58730.615075272406
59479.71677020191
62829.87792305753
63950.8724525414
64320.92138087948
64689.51206533663
65429.023078911014
65809.09546944896
68409.42742322161
69530.06071070205
69890.34985936353
70640.92019087718
71380.36292224114
75850.72154769451
76220.57698258474
76589.48676144476
77339.09563682883
78450.93177289896
79200.02668940197
79569.27278992253
80309.96760496593
80690.45119844646
81060.1407036778
82539.50217284844
83290.13411692748
87329.03823140796
