1059.0171282543922
6780.043991609207
12490.96182448687
13209.445054623657
21070.15017810286
25350.17265724477
26069.794565789347
26779.020736857485
27500.21466464479
28210.320342874787
29640.19743169342
31069.70653014616
31780.933463382768
32499.775986555433
33209.42185289185
33570.62894768431
34640.07087168559
35179.071896358546
35350.90453385666
36780.31949598127
39279.4241231423
39639.39050819126
40350.07256014508
40889.564010428716
41069.541096115296
41250.04238763163
41430.62907466432
42499.70413458613
43929.98518008589
44279.68138416918
45350.158520562676
46070.104302076325
46780.85154110903
47139.41934655163
47849.13032308519
48209.93249575922
52490.9833605006
53920.63049491407
55339.91897900688
56069.27052196796
58209.39063895246
58570.054384706404
63920.76359033204
69999.11049378625
70710.1782257391
71069.20705473937
72500.9919214628
72500.9919214628
75360.1788385874
76779.67117956269
78209.77403674532
79639.65122687802
81069.96526842752
83930.20427410436
85350.29744883915
86780.93761641734
89640.65096322056
91069.13035933621
92499.64791733207
93920.1279459745
96069.27302145393
98209.0222478222
103920.802922439
106779.43108791138
109630.08122853492
138210.6375186596
139640.36155172484
141070.56160276587
142500.68380531232
145359.25379716879
146779.7599314694
148210.5970208896
151070.78204030253
152500.282788059
153929.1630942578
155349.95448495963
156790.37164591198
158209.108214036
159640.85975177077
163260.16615641478
