23620.868308399855
23620.868308399855
24330.00391528673
24330.00391528673
24919.3196857137
25029.192826979564
25740.396864454404
26449.130500339113
27149.102022606385
27369.50302095682
27739.962562234523
27860.894306654693
28559.28477007316
29269.001503574353
29490.227754372994
29969.86885980021
30330.59630810183
30539.61385178588
31030.06772595009
31390.58693370305
32090.955939757365
32800.13504744745
33359.28375552395
33509.62809187081
33860.19818443091
34209.15014976747
34420.121589585906
34919.96365556602
35619.98336564558
35619.98336564558
37040.279960342654
37040.279960342654
37740.90107121522
37740.90107121522
38449.13465336582
38669.249005667996
39009.30357693273
39509.00940634127
39859.912382726725
40570.79232079858
40790.41507648416
40950.942853572815
41270.37372272984
41830.19926375699
41980.829581294565
42329.39771029402
42329.39771029402
42680.63012734944
42899.56533858742
43030.68405241373
43389.944202083716
44089.96056360969
44650.1423713336
44799.49982660979
45149.762965122405
45500.59602600072
45710.277601419366
46210.68012719469
46559.246466920515
46920.547175300126
47509.808925069934
47619.41849068138
47980.1014416652
48329.52181965877
49029.828301102454
49739.50589898971
49960.594335843925
50299.48935575214
50450.22422734725
51149.533468822076
51329.002374166004
52070.82714994619
52249.300724580775
52559.73998575427
54210.96810410859
54680.37448563929
55389.39056204221
55949.778646661165
56089.905786538875
56450.98359870288
56800.727316811346
57009.95801021796
57509.25217983199
58209.39063895246
58770.7243966339
58920.154189100715
59270.13871179831
59620.86268751236
60330.03359616335
60909.9366276311
61030.12695060552
61590.397196316204
62089.15135123844
62449.02294314136
63000.09176422054
63149.2332522385
63510.43971295257
63860.11091964919
64420.526772121106
64560.21093233526
64919.90385342469
65269.104116482595
65980.09642128588
66679.55068057992
67239.6161337328
67740.46044035266
68089.6308605146
68300.70894836464
68800.30130464761
69510.14432761814
70909.71786121163
70909.71786121163
73739.9951482034
73739.9951482034
82210.57206251106
82210.57206251106
88080.66576405166
88080.66576405166
90330.84577858185
90330.84577858185
92089.2190280718
92089.2190280718
93500.88291909917
94920.5322848444
94920.5322848444
96330.21874999886
97739.15001581275
97739.15001581275
101980.64121985914
101980.64121985914
103390.57903628511
103390.57903628511
104069.02711137399
104800.80219153047
106209.2119099847
106209.2119099847
107619.19157329379
107619.19157329379
109030.46476476935
109030.46476476935
110450.62719874183
110670.49812187512
110839.83164246101
111860.80978064319
111860.80978064319
113270.8571798423
113979.73224023997
114679.69499452254
115269.57669878326
115389.19022267863
116089.38266633789
116800.00380769727
118089.57939525456
118210.3247143579
119619.02766797823
119619.02766797823
120329.87501739278
120329.87501739278
120889.40116736594
121390.75567877697
121740.39477466945
122449.94694793534
123150.46970222132
123150.46970222132
123710.39133090379
123710.39133090379
123860.99447216533
124210.01073512362
124560.78329030979
124770.68727452864
125269.7838723583
126539.75460728406
126680.30953661489
127040.91431354095
128090.35976128672
128800.61289739313
129360.01548419052
129860.15627068577
130209.40330798201
130769.67106292082
130920.11233726655
131619.44901417213
131979.9767755529
132179.52835317326
132330.1186576343
132680.6576359443
133030.20634813243
133390.72043987684
133740.65007116672
134450.30396464482
135009.57780008798
135510.4560023066
135860.45233781083
136069.07940883655
136569.55424788865
137270.2162921881
137860.1046488786
137980.98413231256
138330.26548417113
138679.82551016673
139390.85156837525
140089.88031463925
140660.9510260747
140800.7050623504
144329.51279478474
145040.14867304856
145740.3288144419
146300.1937111036
146450.41870182307
146800.92126334502
147150.46408280634
147360.91316201084
147859.66149182862
148559.2044769059
149270.21167796347
149619.4452610705
150679.259161726
151389.62937250646
151949.7102555258
152450.1109990422
152800.5247960361
153360.88713938493
153509.0198372419
154210.95688799772
154770.29811075112
154920.08985117535
155270.5109271928
155619.0090387112
156329.26963261518
157029.52140438603
158090.1826547551
158450.61106114232
158649.4978371099
164800.59449079118
170099.19117485342
175389.10444500743
179979.49018524468
181390.5885199406
181740.94102082192
183040.05223364706
183149.8056210729
184559.33058080575
185269.52741447868
185859.41374159438
185979.84864492077
187389.1229946156
188089.90380704464
188649.12554618632
189149.11693005596
189499.3829529655
189880.11959577893
190210.0834246038
190920.5219371254
191479.79781818268
191620.07411288947
191980.60880303188
192329.41868510065
192540.30031075762
193039.89067790733
193740.02580516782
194300.4010254917
194450.03079746137
194799.90169349275
195149.1074080919
195859.88904017003
196559.0177970938
197119.37099085015
197620.99243510386
197979.70134827553
198680.31758122717
199390.68513713984
199739.73301395346
199949.29669047016
200100.0257280422
200450.56903895043
200799.32484713133
201510.44784362818
202210.7355020388
202769.9134265228
203269.03567022696
203619.86682718934
203830.39778479596
204330.0877536068
205740.52581898335
206100.55847020965
207150.8491408816
207859.64703870437
208419.74727497416
208569.3562444311
209269.4436847855
209449.93144226118
212089.16146068458
212469.95698603816
212800.82603499
213499.5285614672
214210.9420175584
214570.04805382414
214919.09945984246
215629.0447495916
216329.54568254013
216890.01507054767
217039.850232865
217390.57334592126
217740.75229737267
218450.08425579738
219150.8862906605
219710.64982459947
220209.00677320868
220560.57435031113
221119.53477588447
221269.01042707046
221979.96624227025
222330.37723402094
222539.4267636723
222679.14900396086
223040.67612356637
223389.04712058755
223740.90038104073
224100.68409488216
224800.47980848473
225359.95772729983
225860.10556487474
226209.49953980854
226420.39002883155
226919.02235431934
227620.5140826291
228210.2054310354
228329.88135533463
228680.67216064822
229029.47421865308
229739.81160980757
230660.11205991847
231029.9762891048
231150.2833562429
231860.80261576333
232210.19190875947
232560.42285612825
232950.0216251082
233270.949452988
233619.36635192367
233830.91276347562
234329.94451458528
234680.96579999555
234919.2042483421
235389.4390069243
236090.30741078567
236650.08221234
236800.4853482193
237150.07898045875
237500.92809025766
237709.891248312
238209.84301887912
238920.32617781655
239480.3585995809
239620.53080020932
239980.7238183356
240330.21770787446
241040.23742398582
241620.88334346635
241739.7770183937
242300.65529281626
242799.59350805383
243149.4275751971
243710.40262566527
243860.41741852518
244210.9469003291
244560.8563403157
244919.05098205886
245120.11153693328
245269.83486656233
245619.29864375325
245970.13891383723
246330.0538329212
246679.3913148428
247389.86377149902
247949.6158411802
248449.68332639153
248800.58207809585
249010.18690851572
263620.68772340025
271459.9969656059
