1119.7501115755374
2189.0270440298805
12420.7027137658
12420.7027137658
13480.299741575946
13830.77694745772
15069.179485401031
15600.32664976329
16309.798675906062
16660.727744076376
18069.742879860507
18069.742879860507
19130.07379997794
19479.984037975893
20720.17280256884
21249.45363550938
21949.06859442116
21949.06859442116
23710.055538181565
24779.205846631474
26359.624051154362
26900.92960281333
27600.9920727159
27949.007395629687
29360.39760501462
30419.773048838644
32010.294216151466
32539.38905626524
33250.66299924779
33600.14957977413
35009.949440976
36069.403558262406
36419.454879698176
37659.12639295514
38190.477502907386
38900.98061417772
39249.19336982265
40660.89773523938
41719.26432558689
42070.504144771825
43299.58786967264
43839.27120435211
44539.445966059444
44890.89457181105
46309.97238274977
48949.67515900229
49479.37666625058
50190.02177820512
50540.08118572532
51950.674250085714
51950.674250085714
53359.82441592177
53359.82441592177
54600.971195097365
54600.971195097365
55129.89644212644
55840.65951969369
56190.679657795736
57600.89197520698
58659.113079450886
59010.837356333024
60249.11615148366
60779.30021445569
61479.87229205657
61829.67594331403
63250.07124133317
63250.07124133317
64309.96162485934
66419.997945903
67129.86236639839
67479.64030844388
68890.1427993143
69950.86678405023
69950.86678405023
71540.9563154908
72069.86225675142
72780.4601811745
73129.16603705283
74540.628338773
75599.09208094206
75950.53761290328
77189.22937066923
77719.02479061724
78419.21967944957
80189.34865259507
80189.34865259507
81250.02109643859
81250.02109643859
82829.76860982095
82829.76860982095
83369.37461583619
83369.37461583619
84070.35682340825
84419.20426180614
85829.80659071005
85829.80659071005
88480.31350691605
88480.31350691605
89009.0694750982
89009.0694750982
89720.33734459672
90069.84910135873
90069.84910135873
91479.65453266686
91479.65453266686
92890.6214238332
92890.6214238332
94130.6225968739
94660.85837715406
95360.9635611089
95360.9635611089
97130.57135503854
97130.57135503854
98189.79471321634
98189.79471321634
99779.28194591371
99779.28194591371
100309.51506172605
100309.51506172605
101010.72078097516
101370.01239286768
