6529.984299024866
6690.186850266133
7219.270644953324
7219.270644953324
7749.751470041775
7749.751470041775
8449.495648830192
8449.495648830192
8809.84852079201
9510.159798149401
10039.07786513
10039.07786513
10569.694295075844
10569.694295075844
11280.47633767079
11629.790878176478
12339.383191488649
12339.383191488649
13400.918112072122
13400.918112072122
15160.422770275765
15160.422770275765
15689.800146226797
15689.800146226797
16220.0828676566
16220.0828676566
16929.625899936258
16929.625899936258
17279.58199673054
17279.58199673054
18510.008669070507
18510.008669070507
19040.165014717186
19040.165014717186
19749.263111144483
19749.263111144483
20099.085285426045
20099.085285426045
20810.52443946534
20810.52443946534
21870.53763264458
21870.53763264458
22570.364334889335
22570.364334889335
22919.082518105395
22919.082518105395
23630.451700160123
23630.451700160123
24159.065876348894
24159.065876348894
24689.85990683897
24689.85990683897
25389.24015499172
25749.70442258853
26459.14550533628
26459.14550533628
28220.458606521363
28220.458606521363
32099.897779351828
32099.897779351828
32630.155036820783
32630.155036820783
32810.33567851984
33160.274991239196
33860.19818443091
33860.19818443091
34220.700037964576
34220.700037964576
35450.55303896719
35450.55303896719
35980.9075816904
35980.9075816904
36690.03315398262
36690.03315398262
37040.279960342654
37040.279960342654
37749.09129496604
37749.09129496604
38280.74771702094
38280.74771702094
38809.412450407246
38809.412450407246
40570.79232079858
40570.79232079858
41100.21629233115
41100.21629233115
41630.16436654706
41630.16436654706
42340.94113024185
42340.94113024185
42689.199651585244
42689.199651585244
43920.96881778693
43920.96881778693
44449.26010183877
44449.26010183877
45160.45019150509
45160.45019150509
46220.62662574075
46220.62662574075
46749.90207374464
46749.90207374464
47279.762775411065
47279.762775411065
47989.058164643684
47989.058164643684
48340.15856148001
48340.15856148001
49039.925965767194
49039.925965767194
49570.299040510065
50099.22561623395
50630.066881288716
50630.066881288716
51160.11001001908
51160.11001001908
51690.298803434656
51870.54602142687
53629.78313138414
64570.10799514941
64570.10799514941
65100.04006125452
65100.04006125452
65630.05461392216
65630.05461392216
66339.14192354317
66690.48889799128
67389.56661193531
67389.56661193531
67920.06446293391
67920.06446293391
68449.40194341571
68449.40194341571
69160.876207109
69160.876207109
69510.14432761814
69510.14432761814
70219.9595132752
70219.9595132752
71279.71693974969
71279.71693974969
73039.89709919292
73569.3853991349
74099.8191191202
74810.83674021135
75159.7672769963
76389.45145605203
76919.94813609128
77630.60574135656
77979.50817595651
77979.50817595651
78689.86137966592
78689.86137966592
79220.79987884816
79220.79987884816
79750.96416688267
79750.96416688267
80459.83833005547
80459.83833005547
80810.58192902176
80810.58192902176
81510.48478400828
81510.48478400828
82039.89964672503
82039.89964672503
82570.98784842619
82570.98784842619
83100.2857667921
83100.2857667921
83630.10441401487
83630.10441401487
84339.03945145979
84339.03945145979
85400.94364374067
85400.94364374067
89979.45250572338
90509.22364085242
91040.49573610099
91750.22854200586
93329.19787090158
93870.06604716394
94569.94139427932
94920.5322848444
95630.31069704816
96160.0834472675
96689.84399429536
98449.0251424334
98980.12295313245
99510.55872971097
100219.53077792659
100569.5284856894
101279.36213717317
101809.06309578764
102329.11226084841
103040.6777001099
104099.89614686187
104629.09812387328
105160.07742311926
105869.55317824477
106220.73396224967
106920.2699358894
107449.86392290569
107979.21339864057
108510.02502445153
109039.11056583186
109219.98791041673
109750.51731415026
109750.51731415026
110809.529612984
110809.529612984
