22679.370963952606
24080.001466512505
25470.98420834609
26859.433377386078
28259.492231041237
29660.34091769697
31049.414219060764
32449.196531627644
33839.62293322304
35240.5588255522
36630.304572961875
38029.864185609804
40820.75175340999
43609.60149564503
45000.13260584573
50590.29541444124
51979.77631541825
53380.407229500976
54769.75160928228
56170.316524280475
57559.839543145055
58959.03373005115
60350.691454840744
61750.19911763988
63140.483772071195
64540.5294382291
65930.03655344498
67330.14942760704
88260.07171355111
89309.28092575584
89660.16756227275
91050.5985440324
92450.91752910125
93840.49371631515
95239.35899890035
98030.93534258276
99419.25944763317
100819.66888859202
102210.24203746911
103610.65800810794
105000.88088119832
106399.64930481695
107800.99741255464
109189.64714988194
110590.50768607069
111980.16231177188
113379.37832591166
114770.94792292466
116169.92721642346
117560.85303256207
118960.1368846525
118960.1368846525
121750.57839330896
121750.57839330896
123140.88646774579
124539.57076148638
127329.87293385666
127329.87293385666
128730.75545972696
128730.75545972696
130120.78113939197
130120.78113939197
131520.94861237708
132909.26883089592
134309.06436674824
