11789.871431650809
23499.5680862013
23840.543531086165
24879.184073246004
25219.586781809547
25569.95658179465
25920.91444764408
26600.67321835052
27639.819114149246
27980.51155019755
28330.966137073974
28670.082176989057
29360.39760501462
30400.236024437567
30739.096940001058
31090.352082772963
31439.419205753595
32120.28193079471
33160.274991239196
33499.361551515714
33839.62293322304
34189.571066351884
34879.33602723517
35439.318357064636
35919.34878692972
36260.661994492424
36599.636878140176
36820.93077750446
36959.102402819786
37639.88602779596
38199.03332109159
38669.249005667996
39019.5615003249
39359.62717852313
39710.50798100026
40050.469235377386
40400.862853248975
41430.62907466432
41779.01397027616
42119.863388374135
42469.07686283936
43159.4417580381
43499.023571297854
44190.95453565949
44530.67214545701
44880.140975124144
45219.66472518393
45569.88222074616
45909.84770880056
46949.474478433076
47290.89331782826
47639.737185246995
47989.058164643684
48669.57813497414
49709.4901371986
50050.08876933412
50400.6868965523
50739.92201645117
51429.03353622187
52470.666599050004
52809.743320720816
53160.89219974671
53500.296640661596
54189.14989015432
56260.32114505074
56950.69356361339
57509.25217983199
57979.2435494549
58329.3250748501
58670.41662455184
58889.058249106514
59019.01220538162
59539.519640111204
59709.85785655451
60270.981745846155
60740.93794861054
60740.93794861054
61089.03568918377
61430.50064216141
61649.946574375106
61780.28586878971
62000.9409557316
62119.45908437237
62470.89972375967
62809.408228933666
63500.84403040126
63849.85807698324
64190.18416557861
64540.5294382291
65220.07909073116
66260.21079221136
66600.43198930938
66949.69418019951
67289.12615123323
67979.49585624853
69020.05232482533
69360.9490819395
69709.5667967044
70059.07970939997
70740.24887090514
71299.62238967032
71780.43909654813
72120.52525978198
72469.50464234548
72679.10490039384
72810.56835633288
73499.15812836222
74059.30549660297
74540.628338773
74879.39118507454
75220.21761849277
75439.56466954421
75569.56364109865
76260.74704641693
78329.66677677717
79019.7521623432
79580.20531147355
80050.51488285311
80399.82839900324
80739.97983228741
81089.49114199562
81779.77216645876
82340.37868836404
82809.0306338234
83159.3432971967
83500.67866513255
83719.7663721265
83849.3046086678
84539.83170777933
85430.13499142315
85570.16356959549
85910.20418482686
86260.64076912764
86609.66414809936
87289.4777395248
87640.93350470439
88330.38515319256
88669.83660750532
89019.6052796884
89359.8064884739
90049.95495674736
91089.06044320716
91429.40293630895
91779.37185798823
92810.31602757848
93370.064197802
93849.09157337665
94189.51930438397
94540.18169529398
94879.64978511917
95569.53215194446
96599.5468058883
96950.81854324695
97290.89667047796
97640.44262099366
98329.44121457326
98670.45753843902
99360.43728440008
99710.3103201807
100049.09778576324
100400.79394159834
102119.69206844541
102470.10457743364
102809.42997512533
103160.08245729253
103849.0619233211
104409.20770394696
104879.68004017422
105219.57444141658
105570.25682256633
106600.16128331453
106600.16128331453
107639.66599558385
107979.21339864057
108330.5509212253
108679.22663658555
109359.81808839426
110400.40016404146
110740.16608705494
111090.25874926816
111430.60649213172
112119.10243324899
113159.33171096616
113500.91828671368
113849.10713610127
114059.61449353567
114200.64342240352
114709.43249190589
114880.18851243658
115440.78406561629
116260.11728385936
116609.25846813226
116820.94255304537
116949.8092448466
117639.19282496884
119019.38382138831
119360.74058612692
119710.54387611597
120399.02821259186
122470.53296751878
123160.13500350957
124190.34248702801
124530.31369104944
124879.21201164342
125229.21552693311
125909.79131429522
126480.06013393517
126950.75808196786
127289.09201717634
127640.1544864604
127980.49903532161
128669.11128479935
129570.61099485858
129711.00048510224
130049.97640695523
130400.6842534726
130750.24321867664
131430.01192048413
132470.4698617553
132809.12649123766
133159.40739818988
139029.90747572336
