23030.981302056094
23030.981302056094
23719.09426339107
23719.09426339107
24739.097358590774
24739.097358590774
25589.70268958764
25769.192357975076
27489.133923436486
27489.133923436486
27839.78906915495
28180.184469704032
28529.099175911997
29210.478317446938
29210.478317446938
30240.42550374952
30589.74093074403
31270.3687475136
31959.366714023123
32300.886300982682
32989.70019188418
33340.73341047851
34029.83702037841
34029.83702037841
34710.903271601666
34710.903271601666
35729.92420282621
36089.45092032434
36589.53087154169
36770.677686952
37459.37582563161
37459.37582563161
38479.844593382564
38479.844593382564
38840.95607066578
38840.95607066578
39179.05121702449
39520.79323041774
40209.953740152574
40209.953740152574
41229.4474590637
41590.60563220914
42260.93731685613
42260.93731685613
42959.213263456
43299.58786967264
45020.68244962656
45020.68244962656
46730.66536543905
46730.66536543905
49479.37666625058
49479.37666625058
50520.36733607718
50520.36733607718
51210.61553933785
51210.61553933785
52229.769348371985
52579.408191367824
53959.54137757187
53959.54137757187
54980.944509753266
55330.48008405466
56020.627385464155
56709.34871262753
57729.017088501925
58079.01301050139
60469.65086996061
60830.184570861544
61169.741914882055
62209.68717412028
63219.53563170691
64260.32821022122
78010.3438970597
78699.76016338625
79719.35273625095
80750.94761839263
81449.01080949223
82819.4644934729
83169.26062503149
83510.93676258948
84199.83553731437
85220.57015113198
86250.72048188937
86950.8413725148
89009.0694750982
89700.76798321436
90720.2815360334
91069.13035933621
93820.26171785148
94159.89476557601
95200.59399285265
96210.68626872513
96569.12217793388
97939.25166242142
98970.47876344118
99320.59493656548
100690.79364598129
101709.98021056941
102069.89169187416
104819.1263772938
105160.07742311926
106190.71885375949
107210.63752893759
107570.2782133943
108940.46451431273
