1990.3095929260114
1990.3095929260114
2679.2979042147895
2679.2979042147895
3350.5209374232877
3350.5209374232877
4040.33761202429
4040.33761202429
4710.172676724922
4710.172676724922
5389.222630567087
5389.222630567087
6070.848459891266
6070.848459891266
7430.664709457655
7430.664709457655
8789.850381429858
8789.850381429858
10829.369451936453
10829.369451936453
11510.31617212121
11510.31617212121
13550.256660465371
13550.256660465371
14220.10440676923
14220.10440676923
16259.240397079484
16259.240397079484
16939.074712154867
16939.074712154867
18299.187228419945
18299.187228419945
18980.138439950635
18980.138439950635
19660.147602618927
19660.147602618927
22220.453713713778
22220.453713713778
23740.075441348246
23740.075441348246
25099.91395105998
25099.91395105998
26459.14550533628
27149.102022606385
27480.99894036926
27820.971781735698
27820.971781735698
29180.89562605358
29180.89562605358
30539.61385178588
30539.61385178588
31899.720651129202
31899.720651129202
32580.02088367913
32919.62975549009
33600.14957977413
33600.14957977413
34619.63133162511
34619.63133162511
38350.26809936363
39249.19336982265
43469.71587942175
43759.26029730711
46509.72580704121
49229.97089201289
49570.299040510065
55000.95371633537
56359.830556098634
57379.45257546212
57719.89412968156
58419.661228314115
59080.914212999145
60099.83929484424
60099.83929484424
67230.34987279956
68440.63285917431
68589.05230031845
69950.86678405023
70289.70377915513
70640.92019087718
70969.31963535926
71309.14602672521
72669.91335944626
73010.79005952556
75389.01608049523
75389.01608049523
77090.92398684927
77090.92398684927
78099.5304329231
78099.5304329231
79459.62902618732
79459.62902618732
81840.65256724684
81840.65256724684
88310.81653957431
88310.81653957431
89329.13274156854
89329.13274156854
89999.58444962077
89999.58444962077
91999.8403938074
91999.8403938074
92660.97374563492
92660.97374563492
93289.03209945397
93289.03209945397
93630.54631646046
93630.54631646046
96079.8273826919
96079.8273826919
98169.87942014098
98169.87942014098
98819.96889020453
99190.62127384359
100199.29260779316
100199.29260779316
101530.79449746561
101530.79449746561
102199.69770020859
102199.69770020859
106950.23781376914
107279.70818109937
122949.88277140222
122949.88277140222
123649.04805762578
123649.04805762578
130040.45342451912
130040.45342451912
131789.95281523262
132459.79659647486
133489.6297959651
133819.98509852978
135180.9695234847
135180.9695234847
136200.78553252757
136200.78553252757
137899.45530020024
138239.41416610024
139260.4336590745
139260.4336590745
140620.0215915441
141980.846107187
143000.97008380853
143340.32435238085
143680.33464323333
143680.33464323333
144360.17333373116
144360.17333373116
145380.42677334754
145380.42677334754
146050.31754953013
147069.20670624397
147410.45568520963
147410.45568520963
148770.56395549705
148770.56395549705
150129.5369792818
150129.5369792818
155020.71323967713
155020.71323967713
158180.50416669992
