1400.495816993457
1540.0154689944065
2070.0059821732075
2570.8597053902436
3080.568849528088
3419.130145087629
4089.4223899201306
4179.641116603889
4769.425047540611
5270.985445888357
5780.757838692338
6790.947872254375
6969.395704464891
7460.671785646728
7969.529627727325
8470.876399689343
8809.84852079201
9479.524332423398
10160.677119458058
10659.713882863358
11169.484407248565
12180.410359360045
12859.171049205725
13360.542993514837
13869.63178626002
14880.489878031873
15549.126528972654
16060.949404802415
16559.99126869612
16900.990752431244
17569.40572138748
18249.26407037037
18919.732179470757
19599.855019338393
20270.60359228051
20780.019601645556
20950.10005350105
21449.30146956331
21620.354308061447
21960.859892575107
22969.783521890447
23140.62161779394
23640.186005724303
24149.72143396265
24650.472215891594
24990.41609433861
25660.156861652395
26339.849866222878
27349.518835351402
27690.93928716676
28359.517105334722
28559.28477007316
28890.462984795824
29029.76657046847
29230.408711175252
29540.55690479848
30049.14637813758
30380.666313306967
31060.928165096895
31730.88849716859
32240.360950868002
32740.771677241006
33080.41158189936
33760.09485892972
34289.90418240757
34430.599040299225
34630.23268784203
34930.88927474602
35439.318357064636
35779.40503720758
36450.709258892086
37130.77896541126
37630.344340185184
38139.619262019514
38469.69332413835
38650.4670956964
39150.983499002
39819.18859742973
40500.70337262459
41169.62955625248
41839.90244645859
42349.51150333458
42520.164869758584
43189.613676743546
43189.613676743546
43869.87375418567
43869.87375418567
44539.445966059444
45219.66472518393
45720.15803373496
46230.499814318704
46559.246466920515
47239.45986888957
47910.355468147856
48420.562562841835
48920.33664748991
49259.49555315528
49940.485704619205
50610.09533705109
51110.05516737197
51619.53326924235
51960.02277457523
52149.50281790422
52629.77660211218
53310.274633076384
53809.41512231046
54319.973353546906
54319.973353546906
55330.48008405466
55399.51299045428
55999.30548367837
56510.50086483951
57009.95801021796
57350.01669517158
58019.4968169393
58700.10796707681
59199.50720140717
59709.85785655451
60050.013059893994
60720.786971025744
61399.07672465086
62070.7173572737
62739.46939176214
63419.351964341404
63920.76359033204
64089.77011337338
64599.29230111877
64770.8302674136
65439.0099163358
66120.47646259311
66789.31275273957
67299.6365505143
67800.16072135919
68810.95835615008
69489.29181757836
69990.26179395887
70500.32663615962
70829.93483621778
71509.2720615396
72180.40469161044
72690.42524164956
72860.05799611458
73530.51102109348
74879.39118507454
75379.2791440559
75890.30587028549
76229.68023010125
76899.04113306991
78079.36844098534
78590.5595339192
79600.72377565301
80270.04015525094
80779.61351196987
81280.8138464465
81620.56061105031
82290.79524128434
82970.20123435558
83470.34642599603
84320.57738363305
84990.46641760253
85500.99058866732
86169.08314306437
86339.44449161502
87689.46736267887
88359.02841975905
88870.09036462072
89370.62446938758
89709.54800387018
90390.18569152003
91060.77688657114
91559.95263437425
92070.20179348544
92410.90531131167
93080.81238719805
93759.68806631064
94260.51776213307
94429.53877333108
95100.8026243424
95779.49827897859
96449.98946015708
96959.43646087835
97459.59640397366
97799.2319885067
98469.03573260564
99149.72325968413
99659.03468329852
100159.70714329502
100500.16039644773
100670.41275643479
101169.31594823553
101169.31594823553
102350.4888407088
102859.98164934038
103190.47357796882
103869.62866148663
104539.19995756073
105050.17366986681
105890.41864272008
106570.82409809879
107070.79223806852
107240.49442650154
107909.9815525327
108589.9526934314
109260.08519124029
109939.61689987083
110439.45873709593
110950.09899726644
111280.07281905015
111960.07090237267
112630.28583621152
113140.03464253862
113640.40863648006
113979.73224023997
114659.19524825834
114849.1357574005
115179.77724331472
115329.79914360447
115830.77662952553
116339.28547159013
116679.60757364465
117349.81817595646
118019.20306731324
118529.8624634907
119039.28744697994
120050.53137473896
120720.30124661389
121229.03633283297
121729.90626392767
122069.77983280107
122750.12570968807
123420.36380430097
123920.25663107572
124429.90364066148
124770.68727452864
125440.65253105774
126789.22136760401
127459.8510991051
128140.76151734267
128640.12828671769
128810.34157140198
129489.87206781325
130160.37899351332
130830.42051893946
131510.3529000197
131849.61850355798
132010.63095013888
132519.6331363285
132859.63173070928
133529.09343367373
133529.09343367373
134200.77761489138
134709.14005823704
135219.67687221133
135550.60499594192
136230.41013160528
136419.15868268016
136900.11665142534
137409.50020677922
137579.24587286642
137909.14994423132
138080.4712150384
138250.46828102155
138920.56836576242
139600.5010471631
140100.13768865628
140610.85061266573
140949.6618239139
141620.89221356425
142799.2892549512
143310.0021415806
143640.1425425309
144320.95277366837
144990.48457580694
145500.30082813985
146000.32071902085
146339.23492611086
147009.2448463596
147690.74371091955
148189.7444705081
148360.3326598513
149039.25877156368
149709.84811410212
150219.0126794933
150379.05974939596
150889.64441850997
151059.01723937664
151729.96679840097
152410.41356136312
153080.70091750994
153590.69556726445
154090.01277893982
155109.09510027687
155780.230844735
156280.12197190317
156790.37164591198
157130.73593767916
157800.12827218996
158980.05324860138
159149.30837407502
159820.07150097605
160500.81967720788
161170.3166937977
161679.19119840552
162180.95269458002
162519.56696229018
163190.08080756266
163869.777716952
164369.45363132222
164879.14505325767
165220.72454833947
165890.94184739512
166560.3150463071
167069.2691980719
167580.8518097752
167909.55186371668
168590.77775784227
169259.44379222803
169770.7651468049
170609.30010307248
171279.83048539652
171789.00440559725
171960.72213789387
172460.49465703417
172630.6939732384
173309.2581187916
173979.62011659474
175160.95705611727
175669.62755835746
175999.68971412422
176679.6121440086
177349.85031258268
177859.48857414367
178360.45399707623
178699.7150972492
179369.76836705825
180049.93747491346
180549.91276248606
180720.415454602
181399.69500795926
182069.8245992182
182740.89513331972
183249.79002812924
183759.71697875607
184089.94521436797
184770.35734328337
185439.15478606723
185949.0957873335
186449.6341318299
186790.43051068689
187459.51982394911
188140.02419638215
188639.79075531077
189149.11693005596
190159.4998219006
191340.16040709097
191509.14461348942
192180.25196225336
192859.98820869462
193359.70925210306
193530.09910478807
194880.45586891388
195550.16619447622
196229.75351183204
196729.99259498666
197240.46037966086
197580.1599567412
198250.0924413844
198920.2724902579
199430.89769317475
199940.53324678337
200269.96357062587
200950.0622239745
201139.5005012698
201479.1371780319
201619.0803382721
201819.03977406642
202129.94364908445
202629.06869534627
202970.28363248176
203639.23185498666
204319.17370568868
204820.12395446445
205330.9712407878
205660.99733294375
206339.21759202427
207210.8793026053
207520.26724715196
208030.60363689557
208719.77855450648
209039.06201087026
209710.50066615484
210219.96610239468
210390.14999859652
210720.3300619737
211059.6863345926
211229.10527909693
211730.08676995625
212409.81105239168
213079.3675880136
213760.74388908903
214429.2346234104
214929.3795764864
215100.68137813927
215609.6774240717
215780.3396757026
216449.42115049055
217130.1799546727
217800.4094194055
218309.41632364644
218810.21865252865
219150.8862906605
219820.4328290838
220499.9380439048
221000.17211040578
221510.19876598133
222520.02769530538
223190.86863349294
223700.32095152917
224210.87337132564
224539.00305374525
225220.33618737667
225889.1368489409
226389.67606309324
226899.66593260423
227240.61498866472
227909.40844402488
228590.5904953528
229090.33202598066
229599.98729365066
229950.18152227008
