1159.7503336902987
5889.187814352356
6559.618748270731
11960.181481864087
13979.933380711112
16680.078530900053
17349.294504250265
22140.212603532866
23409.708710867093
24090.718364503286
25439.48537932326
26659.81344058137
26790.012457914756
27000.914497037644
28139.83985491428
29170.960693460154
29819.84254856839
30160.995145479985
30489.485923779204
30829.164544315423
31190.213171516738
31479.017278568892
32050.207604882453
32180.10430877978
32849.29703330961
33530.48226297584
34879.33602723517
36230.91760101637
36889.738147727105
37779.36705236958
37910.0937388931
38919.90791012637
39260.503050720006
40139.50278740561
40610.8966756775
40950.942853572815
41620.3540400039
41950.77366974921
42840.99471396208
42969.95147236484
44319.86363789614
44979.66788142261
45329.83874669858
45660.21122323773
46340.15053758311
47010.60322379069
48360.74081861209
48569.10913031951
48699.07968834733
49709.4901371986
50739.92201645117
50929.165694672774
51399.727258137245
51740.99427687638
52410.97174951568
53759.70439704265
54429.32199736528
55099.1353039365
55769.444225006795
56450.98359870288
57799.872265549326
58459.01742466928
59149.496311885654
59359.38528115425
59489.80239512242
59829.98412056527
60499.40024490993
60830.184570861544
61520.389394238446
62180.211165066314
62519.82646192202
62889.789263426785
63189.26000211114
63579.1582604624
64410.567051568476
64540.5294382291
65209.93463548831
65889.65862422502
66560.29803187074
67110.25461438566
67239.6161337328
67910.92706230028
68589.05230031845
69250.21319323048
69600.11405117702
69810.49222166318
70140.46297458201
70270.3742347917
71279.71693974969
71620.9537327921
71910.37477975966
72299.79853533475
72500.9919214628
72969.12871932173
73309.84349491888
73640.54299937708
73979.24758583678
74320.09921417215
75199.10577060755
75330.69750145287
76000.56550156794
76530.49560581871
76679.66834736703
77339.09563682883
77689.23048536024
78699.76016338625
79369.11603219272
80030.04189674952
80590.71701273439
80719.529606117
80929.74651989384
81399.974240542
82069.05560521041
82409.24021370999
82699.2102999124
83079.80832999204
83290.13411692748
83760.419957397
84089.93857197637
84429.12902748947
84770.28234861103
86789.92134635124
87459.5731230501
89829.42531469431
90159.90728001804
92520.4238808767
92860.36850581107
94080.23898195937
94549.81803143828
95560.59126663202
96909.04322916143
98249.05930604479
99599.01563623613
100269.58936498358
100490.74006638455
100950.87839224015
102629.55552998334
103310.6593979689
103649.51999066853
103979.88987997772
105329.33831419941
106349.27229991643
106570.82409809879
107690.96622478105
107909.9815525327
108150.64207597674
109039.11056583186
109039.11056583186
110380.48153955731
110380.48153955731
111059.91310494737
111730.63388005902
113080.58071857144
113289.72461528328
114429.23256774365
114429.23256774365
115460.63378039675
115650.6752853802
116109.11466367522
116449.90090909544
116780.82375798421
117130.64883081349
117490.09711401355
118480.1899011791
118480.1899011791
119819.76267411132
119819.76267411132
120489.07857990576
120489.07857990576
121170.6482616837
121170.6482616837
122179.03609007348
122519.85386930409
123180.31710737941
123180.31710737941
124080.8285924571
124200.69095796891
124549.22966881152
125220.45164617752
125549.8580917934
126899.10689235407
127609.7914979206
127910.21310005395
128299.5746316667
129129.91162059955
129259.36908018269
129930.09959492725
129930.09959492725
130609.86849639798
130609.86849639798
131279.25167041682
131960.41452525853
132630.8335510082
133309.90192935715
133970.30233635224
134319.91261876523
134650.1946609524
134859.093766918
134990.6950686756
135999.52237321454
136340.80787127628
136630.47090894097
137009.68989996493
137220.80339306704
137690.74674344473
138029.5921180402
138360.910411815
138700.1769787861
139039.41175362232
139920.37720058233
140049.08086328566
140720.64751571254
141389.0039663492
143419.0001852784
143419.0001852784
144090.49037957416
145100.5170245295
145310.90203390943
145440.6435919579
145649.3181661212
145780.61097152208
146120.93557398528
146790.0857625044
147119.87019321247
147419.81869141656
147799.73240834152
148010.76137384094
148470.61547386085
148809.68736952706
149150.23067965428
149490.2957578338
151509.23628268664
152180.59748982356
154879.62169314473
154879.62169314473
156570.7577472203
156910.9222301454
157579.05595991615
158600.920068256
158600.920068256
159270.72195931943
159600.44781481565
159940.80780720996
160279.01674605435
161489.32068644586
161620.3067069943
162970.2223251566
165210.86529671826
165329.71751112997
165670.67754967947
167359.81615019115
167359.81615019115
168029.44690587473
168370.98341547407
168699.5764172788
170050.1312211232
171060.72673771533
171060.72673771533
172409.45723608695
172409.45723608695
177799.26823656607
178009.56790014094
178479.18697794757
179150.50521486922
179150.50521486922
180830.66931680456
181169.00484114827
181510.577242352
184540.6229586977
184879.63623431983
185890.29556366827
186569.7601443977
187239.43452186167
188589.6867171223
188919.26648695077
189270.95379973808
189600.45913109355
189930.2454362568
191150.31428769397
191620.07411288947
191959.3984049164
192300.1623332222
192630.00489763956
196679.9812406523
199369.67069482876
199581.00061023748
199709.85173378984
200050.00124677064
200390.7711736308
200720.87496690342
201060.24569951397
202410.81997737408
204430.0319728972
204640.29899830275
206119.72912395178
206449.60081595558
207469.71776638317
208139.04898028745
208810.10792899103
210160.44136132108
210500.3542097908
210840.74344241395
211169.27951634306
211510.21007631277
211840.52221489375
212729.29059537526
213190.38048529238
213869.7989765306
221620.3177638866
221620.3177638866
225999.7224188756
225999.7224188756
227690.4039151887
229710.87642779495
229710.87642779495
233079.50402269326
