23030.981302056094
23699.817073896407
25039.784150345684
25700.345081918447
26369.474822346918
27030.31835048032
27699.742298223104
28369.320036601497
29039.366711694474
30369.24983630051
31030.06772595009
31700.92103165413
32370.93255989028
32700.709808167012
33040.59035163151
33699.08495323997
34369.751703957576
35700.56050762734
37040.279960342654
37700.81625717152
38029.864185609804
38370.80061993394
39030.442709337534
39699.715571881716
40699.022197268176
41040.49722755325
41700.9993826038
42370.502198144815
43030.68405241373
43700.720738430755
44370.472412141964
45039.475264444634
46370.57475035847
46370.57475035847
47700.89464807353
48370.67341369478
48699.07968834733
49039.925965767194
49699.02398887371
50370.77231296326
51700.04388789918
53039.682313156
53699.98949742871
54370.44769474475
55029.262550847474
55700.98540673555
57039.85036143528
57699.644860592634
58370.192306781675
59029.43929891262
59359.38528115425
59699.40124651768
60370.29039780946
61030.12695060552
62030.743122528744
62369.20021768901
63699.58727984087
64370.52269820128
64700.125311086864
65039.06874638869
87030.75060459056
87700.61737685063
89039.80033315267
90370.66910514509
91030.75202246151
91699.96852724525
92370.57901086615
93039.00483158547
94369.58858079942
95030.07711528326
95700.79230543591
96369.15681150512
97040.30949028465
97699.10055488202
98370.96287705278
99699.06386403949
101039.66639472402
101699.81627007123
102369.23159526881
103030.41426697519
103699.69977854227
104699.21125831165
105040.4907975292
105699.4860539757
106369.91500487621
107029.64011323269
107360.46096256895
107700.23058219157
108370.43588729331
109039.11056583186
110370.93074812839
111699.90611233051
112369.49869865789
112699.97629028396
113039.46680922124
113700.65106240172
114370.7374588878
115700.13586743933
117039.33688669019
117699.05416754626
118029.5360514692
118369.99886877679
119030.7676980073
119700.2153952989
121039.7294719551
121700.221042843
122370.22039308668
123030.61877952362
123699.82751963279
124370.36446598632
125040.9823236868
126370.07097552976
127700.5634950892
128370.79282078955
128700.59786497342
129040.08724849694
