12749.443895642635
12749.443895642635
22409.72929361752
23079.09164247365
23419.705606694657
23419.705606694657
24070.695038706017
24410.758644755464
25080.73987365386
25080.73987365386
25749.70442258853
25749.70442258853
26410.10331925408
26739.349225840197
27080.29223733211
27080.29223733211
27739.962562234523
28409.73496978878
29409.949879668566
29740.18775181259
30080.82431190598
30410.12288020394
31079.482199010446
31409.18043678109
31739.857498308298
32070.907183682026
32410.975667998777
33080.41158189936
33080.41158189936
33749.28379516041
33749.28379516041
34079.022097031
34079.022097031
34740.44441015403
35079.464314116216
35410.24076798929
35750.83515405718
36409.72715798447
36409.72715798447
37080.31148102242
37410.29880335663
37749.09129496604
38410.65173200847
38410.65173200847
39080.068403947014
39080.068403947014
40069.00738766053
40409.24365471425
40750.958799715634
41079.9131292138
41739.637208192726
41739.637208192726
42409.53699310814
42750.020132091515
43079.650834793094
43580.391318177586
43740.852784416704
44409.48074134561
44750.14883348783
45409.978342501505
46080.857184309854
47079.61498382103
47079.61498382103
48409.79428999229
48409.79428999229
49749.02113029552
49749.02113029552
50739.92201645117
51079.147962523486
51420.80996000074
51750.46231405462
52410.97174951568
52410.97174951568
53750.197137956704
53750.197137956704
54409.14631540103
54409.14631540103
55079.45001683189
55409.57531102277
57079.20962737885
57079.20962737885
57739.24714536545
57739.24714536545
58410.877910970914
58750.28322139994
59080.914212999145
59080.914212999145
60409.8038105835
60409.8038105835
61410.95949994783
61750.19911763988
62080.624049414415
62409.91561382557
63079.15080926451
63079.15080926451
65740.04115302907
66080.4271687415
66739.72483840893
67079.29292944584
67420.77540613293
68409.42742322161
69409.4829227912
69409.4829227912
70409.98933891971
71079.02299674203
72080.64624636127
73079.45731982021
73410.47654414798
73739.9951482034
73739.9951482034
75080.78252603069
75750.491961759
76409.26630181608
76750.44116022903
77410.75072031653
77749.36012498871
78079.36844098534
78410.64831134203
79079.51197914359
80080.3026625331
80410.8370932643
81079.2484116831
81079.2484116831
81740.65860781464
81740.65860781464
83079.80832999204
83739.53290206668
84409.94197138485
84409.94197138485
85410.3563553066
85739.27239627989
86409.53086796001
87080.74474980752
87410.03950972269
88080.66576405166
88420.6165236913
88750.33619164405
89070.24950040266
89739.29757942862
90250.62290181348
90410.33980086904
90740.24943520037
91080.92049755507
91080.92049755507
92410.90531131167
92410.90531131167
93409.08865022894
93749.39738372897
94080.23898195937
94410.54129691323
95079.84532182256
95750.47727420807
96079.8273826919
96409.15786141604
97079.70093296393
97739.15001581275
98079.09791144283
98580.26098015642
98750.88630124465
99409.94271593698
99740.66691132558
100409.98486968361
101080.65600718015
101410.58233790037
101739.55775781727
102409.9353190939
103080.37649194038
103410.74390662514
104079.56003833028
104419.36536659405
104739.78439749173
105070.06069040358
105749.3037113496
106079.4824902901
107749.17997003789
107749.17997003789
108409.10916576347
108409.10916576347
109410.11728015411
109750.51731415026
110069.81561237488
110400.40016404146
111079.89123317519
111420.28617463767
111580.03796213295
112080.96343768104
112410.75769901817
113080.58071857144
113740.76110564922
114749.08445270894
115079.18971406679
115409.42057421649
115740.75966912395
116420.93328011666
116910.0184942475
117079.35270688626
117409.61958560966
117739.48975180584
118410.0415847167
119080.85786510404
119749.83925116487
119910.67055620524
120080.01889986401
120409.87726509947
120740.32544652639
121750.57839330896
121750.57839330896
122409.47966695088
122409.47966695088
122739.68995453024
122739.68995453024
123080.3668887977
123080.3668887977
123579.50867429125
123579.50867429125
132090.20331944217
132090.20331944217
132419.87351818802
132419.87351818802
132750.4201209715
132750.4201209715
