16759.79989665346
16759.79989665346
23759.038239524885
24429.554159410494
25459.548135189394
25780.620425417263
26009.130423712333
26429.69332432677
27089.330786850605
28129.194439312298
28450.74247936788
28680.14918349183
29100.462401347337
29760.299321180035
30799.63228208079
31109.19941992735
31350.320474626944
32430.854539740565
32430.854539740565
33779.11185024555
34009.277403562155
35089.68631597246
36129.162460633976
36450.709258892086
36680.383145089865
37759.527198470445
38799.36500178671
39340.95564840219
40430.80808973819
41460.818078272685
41779.01397027616
42009.62806394493
43090.92401527176
44129.854015423996
44449.26010183877
44680.02025691917
88429.15165206998
88960.21543245933
89459.60905180256
90420.81647002714
91089.06044320716
92130.27583310184
92679.82948578894
93759.68806631064
94289.51453619431
95350.29241882394
95750.47727420807
96429.23560768268
97459.59640397366
98009.72447502949
99620.61377396858
100130.31155788092
100679.49680627954
101090.8032897982
101760.95109012758
102799.56276314337
103349.81394946866
103759.42819251103
104430.2176357445
104949.78073812621
105460.62482650598
106009.37782356482
108130.78224228135
108679.22663658555
109759.46630668346
110290.54246130922
110790.30429704719
111350.88624046106
112430.35183122948
113469.15336142248
114009.65448342232
115089.21863138652
116129.45383660833
116679.60757364465
117079.35270688626
117760.14010853667
118799.7481073674
119349.74777185514
120429.11282172361
120960.66080607404
121460.01853560214
122010.92717994163
123100.26399253495
124129.52026887065
124679.35499051276
125090.26109864416
125759.55840688593
126290.26218308735
126799.35463265992
127349.97425717663
127749.46349552817
128430.7528685921
129470.54396170378
130010.22560082262
130010.22560082262
