2830.194873166824
2830.194873166824
7829.835955810944
8479.902575301716
9150.81601998372
9819.285922793173
11149.803187240987
11370.602710496512
11809.86272323022
12479.592122002927
13810.822080079488
14479.442996126852
15150.937430116595
15150.937430116595
16479.14142674238
16479.14142674238
19150.22002124331
20480.1787671243
21149.926943275277
21819.977533226487
23150.690601051116
23150.690601051116
24479.35249991036
24479.35249991036
25820.238535029075
27149.102022606385
27749.215193750533
28479.445361454025
28479.445361454025
29809.604594300323
29809.604594300323
31150.831321827776
31150.831321827776
32480.147359097195
32480.147359097195
38479.844593382564
38479.844593382564
40480.70405120482
40480.70405120482
42840.99471396208
43369.575069413164
43809.648198685434
44479.773526599776
45810.19470949577
46480.149388578364
47149.94115321662
48160.75241964192
48480.048856673486
49809.86177380387
50480.88810760258
50830.271252218656
51149.533468822076
51810.096374744935
52479.856118446674
53820.33757393811
55149.56351448674
56479.074765172736
58830.66844532515
59149.496311885654
60480.93477963133
60480.93477963133
61809.88990481543
64480.35854697031
65809.09546944896
67150.46488833534
68479.77935593811
69810.49222166318
70480.89779581944
71809.1548634128
72479.6787245996
73150.95953366852
73809.04542580627
74829.6665227172
75150.90808761296
75750.491961759
76479.80468339456
77810.36068964863
79150.10586819293
80479.11653169562
81079.2484116831
81810.3238076188
82480.50283264494
83150.23445840315
84480.49270347807
85820.33639495188
86479.69126034845
87149.61295138941
88480.31350691605
89809.99682161467
91150.94268248812
91810.4047283964
93160.81354164938
93809.18950911546
95150.94738805389
95809.21877521303
99149.72325968413
100480.59912210947
101819.64386593224
103149.20863378856
104480.54220582977
105819.97812861149
107150.69597926944
109809.45844380384
113140.03464253862
114849.1357574005
117499.4241257091
118029.5360514692
118470.57935444918
119150.71676420842
120480.2792477091
121149.31776537528
121820.63872307094
123150.46970222132
124479.14884358707
125810.27444690098
126480.06013393517
127150.49204820134
128480.83068829862
129079.93719528621
129809.76411708142
130479.33412563236
130830.42051893946
131150.08984807707
133500.38443024075
135150.4592093571
135810.477694883
136160.95726519046
136479.05525311842
137149.63294495543
137820.66196694013
138830.69025865925
139149.81632536466
140480.61309499343
141809.97485105236
143149.40914075775
144159.85391954987
144480.06222368238
145149.7493739123
146479.99730985484
147150.46408280634
148480.18404716824
149030.56809911123
149490.2957578338
149820.94556514203
151150.41966672795
152479.89674468135
154829.3827906096
155150.4047059671
155750.19730854774
156480.45544088283
157810.57855600075
159149.30837407502
160160.1328922328
160480.3977652485
