7439.549551666761
7439.549551666761
10589.70389995046
10589.70389995046
14369.979970300617
14369.979970300617
15500.472657716293
15699.930417347354
16369.815689538782
16369.815689538782
17039.07525067264
17369.321729910796
18370.12845251069
18710.89108207652
19709.42739743217
20560.42048999741
21039.90836340618
22239.8141927497
22369.048245285565
22709.93065047049
23350.09415183198
23699.817073896407
23920.032368480268
24699.04122793502
25039.784150345684
25700.345081918447
26040.89620377167
27699.742298223104
28040.223477030926
29039.366711694474
29380.903490597
30369.24983630051
31220.011609931273
31700.92103165413
32910.73379965114
33040.59035163151
34019.163870869335
34369.751703957576
34710.903271601666
35359.61437242924
35700.56050762734
37230.341137108124
37559.66399961091
40179.27152649505
40179.27152649505
41930.75103366924
41930.75103366924
44559.155731154926
44779.94738356716
45770.97820610135
46240.82670425764
46370.57475035847
46710.37667022157
47349.81945579174
47539.00438777931
47700.89464807353
48040.02284275408
48699.07968834733
50040.56542869212
50040.56542869212
51700.04388789918
52040.18832849614
53039.682313156
53380.407229500976
54370.44769474475
55220.49000893135
55709.0536943636
56899.071344813216
57039.85036143528
57369.83975767687
58019.4968169393
58590.540197687566
60370.29039780946
60370.29039780946
60709.939128383005
61030.12695060552
62369.20021768901
62709.40639262306
63699.58727984087
65039.06874638869
65889.65862422502
66369.36458996616
67569.63116918535
67709.82759334482
68040.65859828825
68870.7756588012
69040.97081972873
70029.51606464497
71500.3298610554
71500.3298610554
73030.67299842375
73369.95150230928
74369.44196541092
74709.08299749422
75709.68155323288
76369.17354644615
76559.06143373235
77040.79501328204
78240.94643833944
78369.05288870665
78709.44982142447
79350.94477823924
79699.0161906173
80699.5908549919
