16889.339799024456
18710.89108207652
22159.089055878743
24799.463692163863
25789.37972292545
26119.18051223756
26779.020736857485
27439.396563948547
29419.12315767312
30080.82431190598
32709.90116501028
32709.90116501028
35350.90453385666
35350.90453385666
36009.38295171536
36339.85382214435
36670.97784471309
37330.935736934676
37990.43973848072
39970.78451273786
40630.05319372195
41119.18651150887
43260.61786929488
45900.10293371192
46559.246466920515
46890.6362332386
47880.579248141745
48539.72669422895
50360.29935189252
50520.36733607718
51170.94828691637
51670.93352093157
52159.78486950575
53809.41512231046
56450.98359870288
57110.465151226716
57439.18178660149
58430.67787883701
59089.46573412709
61069.742631302805
61720.42568003175
62709.40639262306
63050.045393390574
67000.2911212364
67989.8248911305
68979.0200258992
69640.21592435219
72270.96934145421
72270.96934145421
73260.8811155286
73589.55771410874
74249.13597738152
74249.13597738152
74910.93260675095
76229.68023010125
76229.68023010125
77549.82785582704
77549.82785582704
79530.40368389373
80189.34865259507
82170.3933888753
82170.3933888753
82819.4644934729
84140.8434202084
84800.08449990301
85460.80472521351
88099.3529684585
89089.56368229171
89420.43501043078
90740.24943520037
90740.24943520037
92059.28838278091
92560.13799873613
92719.15297800401
93370.064197802
94689.71831599546
95350.29241882394
96009.69708087223
96670.53833090319
97330.90759560626
98650.5625280021
99639.01808535785
99969.08473265446
100630.61365400867
101279.36213717317
103920.802922439
103920.802922439
104909.47435442373
105240.52921743997
105900.83189728677
