1380.4986797542658
1380.4986797542658
6580.312880258254
6580.312880258254
9219.719311333914
9219.719311333914
10839.241482720461
11820.445841749843
12470.101638574799
12800.591668090085
13449.346609176398
13779.108558292288
14430.30444748717
14749.47832632889
15080.466628520398
15409.441692165014
15570.128325671278
15730.710201800415
16060.949404802415
16380.013754995367
16710.831603879502
17039.07525067264
17359.129259081423
17689.134986966437
18020.732553260394
18179.085469368143
18670.003317218747
18989.290107457284
19320.3745924194
19650.94804499949
19970.541609654763
20299.720697647266
20619.48160820045
20789.690493213184
20950.10005350105
21280.66310207319
21600.08445092146
21930.998879928757
22260.939191817808
22910.309765814432
23400.686674278877
23719.09426339107
23880.335587959078
24050.3411210795
24210.551361202797
24540.388246328563
24870.70604552117
25190.45360853933
25509.84066395758
25840.071007960763
25999.162482258875
26170.909192472704
26490.457345363382
26820.71081039289
27149.102022606385
27469.74799141214
28120.612418876677
28610.355635234115
29100.462401347337
29430.28258801
29749.86442307655
30080.82431190598
30729.56019612115
31060.928165096895
31390.58693370305
31710.47015094058
31870.30487907691
32040.61562664967
32689.78236206943
33340.73341047851
33829.16451239796
34319.898404645915
34640.07087168559
35300.15695541995
35950.018450317446
36280.36034125676
36440.904874764055
36599.636878140176
36930.856158444
37250.039247831104
37579.56400515094
37910.0937388931
38239.16233618526
38559.76740571289
38890.64484528488
39049.53885102738
39539.80927561336
39859.912382726725
40520.175345621945
40840.070901185114
41169.62955625248
41660.1772109738
41819.44337973956
42150.78041963696
42469.07686283936
43119.839445767415
43779.47635197137
44269.59915508024
44590.646963662395
44919.36741239288
45079.48061060149
45730.597144992564
46380.32353148069
46869.25650092932
47039.51193496889
47689.38869311809
48340.15856148001
48990.066619512894
49319.61108071796
49479.37666625058
49969.202624532256
50299.48935575214
50949.362634249315
51599.57151465025
52259.41834736633
52579.408191367824
52749.33323425042
52910.384342498764
53559.90951161015
54210.96810410859
54540.47236503763
54699.73828486703
55190.55857539984
55510.52137639108
56170.316524280475
56489.58158415087
56820.11162966154
57149.85855756743
57310.362636847174
57470.67180105547
57799.872265549326
58119.433315991926
58450.04868652305
58780.244892043185
59100.13497571096
59429.12509500025
59760.4071566755
59919.502859676744
60409.8038105835
60729.70810442358
61060.994443802054
61389.88357988765
61710.81232356923
62040.78559651255
62360.54671293766
62530.00554704115
62689.49171739895
63339.1535861702
63670.52656121488
64000.58049626467
64649.327991210965
65139.67930588777
65460.67305454018
65619.11609449773
65789.88677880635
65950.14626067746
66280.29974449916
66600.43198930938
66930.466043888
67250.5019138946
67580.77019290144
67910.92706230028
68230.72587221184
68559.31692103168
69209.68219500605
69860.55773135762
70349.18117547139
70840.76860207669
71170.73974379642
71490.12858516698
71819.73605049595
72469.50464234548
72800.33356323572
73129.16603705283
73449.91166697672
73610.35961123974
73779.49367320766
74430.407585417
75080.78252603069
75569.56364109865
76060.02314713564
76380.71656128409
76710.52590898568
77040.79501328204
77689.23048536024
78020.13151351598
78180.3562553411
78339.5780824421
78989.18597059211
79320.23541955675
79649.19760520686
80299.27317041023
80630.47254275234
80790.15922579126
81280.8138464465
81600.88884620303
82260.75172439116
82579.79007705626
82899.1022624972
83230.3168904987
83560.8636872463
83890.04509539009
84210.77128114123
84870.69477406901
85510.64384039456
86009.383384257
86329.79591614459
86659.90426238284
86819.87732948836
87469.91185228332
88119.98294764862
88610.96141285899
88779.2572222751
89429.42028717636
90079.04986294027
90729.73944767544
91219.14019943989
91709.2180938648
92039.86585519026
92690.75772889495
93340.87915349369
94480.38978401599
94640.85024845772
95300.86084426312
95949.9631809251
96269.55688425626
96929.8488917884
97250.10691604177
97909.35450602704
98560.38265436202
98889.21165687335
99049.85075997145
99210.37865446751
99540.7317807745
99859.43826755314
100520.14815594022
101169.31594823553
101489.60229596394
101660.19662195032
101819.64386593224
102149.26983028417
102470.10457743364
103130.59634167585
103780.85304122206
104099.89614686187
104270.90924418932
104430.2176357445
104759.25448441066
105080.03927443823
105410.83119309197
105730.60047235985
106380.84557328961
106710.89644817723
107199.43611360715
107530.01869582832
107690.96622478105
108340.18642909662
108990.94141655245
109319.98062509797
109650.06796374118
109970.78386583678
110299.73121687949
110950.09899726644
111600.00882644723
111930.58328480966
112089.27875624933
112579.27823289612
112910.34519929565
113230.62331350199
113559.44129299166
114210.157978085
114540.75266501485
114860.21520933721
115190.93109808979
115350.8385530743
115510.86036035747
116169.92721642346
116820.94255304537
117149.07073193963
117309.18087447809
117799.58854030477
118120.72199807566
118779.76132581908
119430.30095819918
119759.77199314942
119918.99943904123
120080.01889986401
120409.87726509947
120729.08725819526
121390.75567877697
122039.26776180197
122529.4939941503
123019.98573614216
123339.09140189269
123999.24765334904
124640.16998045774
124970.10900280735
125139.69419959934
125300.3970534493
125629.32180785661
125949.87189384288
126279.76181727511
126599.26557960325
127249.58741191555
127580.67552818154
128069.79624066388
128399.62734611174
128559.85644623081
129209.3168736674
129860.15627068577
130189.97200115194
130520.09831258812
130839.60450017823
131169.7602384886
131820.90888314918
132470.4698617553
132959.99683121956
133450.44268528753
133780.50942528408
134429.96765061477
135080.82323896745
135410.22415043478
135740.2964112259
136059.7970786236
136379.41656252142
137040.5293023054
137690.74674344473
138019.8429472363
138669.47526745766
138990.2921770574
139319.84522605763
139650.35280778084
139970.33052294012
140299.0515890289
140789.01593452302
140949.6618239139
141279.85289973917
141439.32798977726
141600.11428397358
141930.08905724017
142260.2110136589
142580.58612092258
142909.77544340646
143229.66463463058
143399.83925740735
143890.68551447292
144210.61684243396
144860.69548219556
145189.19762385715
145510.2403978603
145839.77276774996
146010.59247437288
146169.15560057096
146820.9548410313
147470.42669773186
148120.8924721984
148620.39444669802
148939.90995794113
149099.31099064677
149270.21167796347
149430.67867232737
150079.46730533603
150729.09465195384
151059.01723937664
151220.37322702658
151389.62937250646
152040.69096046535
152360.59855047386
152689.16150211936
153339.51067562465
153830.89410209138
154320.15870402288
154639.82485692843
154969.0545884392
155300.1476234672
155950.94961412795
156280.12197190317
156600.33645852533
156930.19341508142
157090.97669952534
157249.38862810505
157909.3737353355
158560.60925187176
159050.28089971238
159540.75266418044
159859.93631198845
160190.05683939802
160519.11002759097
161170.3166937977
161659.54061780995
161819.24573931642
162470.90962948624
163129.8246241268
163779.43833753368
164760.39370159988
165079.01751009555
165740.50901731968
166060.464033887
166380.353406291
167039.36515630834
167690.55507231894
168340.7407218706
168989.68420124528
169480.74366123823
169810.02865814746
170300.95193801046
170949.51702233715
171599.0943808107
172090.3348573116
172260.28877727076
172909.50756865094
173560.67594735653
174210.5442144706
174540.4265768287
174699.0419158484
175189.81094134005
175510.22485433138
176169.92416636218
176819.06264374085
177799.26823656607
177960.41044960052
178119.77062281768
180729.66891848636
182030.7842693225
183009.0153596312
183340.00627962124
183669.95587429026
184969.7974137057
186270.9602170779
186599.8730442836
186929.82283570248
187250.62631544942
187579.64850619642
188230.26170636193
190840.92890885135
191489.4885180297
192139.54177274596
192469.9778115686
193769.58194842984
194099.96225850293
196710.68857331065
197030.49129322142
198670.81976376454
199649.9958964423
200300.35300691306
200789.5625542119
201279.53999923813
201600.4643283296
202260.07396725888
202910.453932831
203559.0853949099
204210.17426479125
204870.2541197932
205510.8538573688
205840.67922537887
206500.97713232198
206820.6709962831
207469.71776638317
207799.36023525457
208120.84360365244
208449.07957071575
208780.57020765505
209430.5355186528
210080.7692743476
210729.38219746228
211219.26956934805
211550.3942030405
211870.97095969954
212040.79325859572
212689.21272388185
213340.2489551221
213830.6015535597
214000.22286931355
214639.25475397558
215299.19537493837
215949.08673249153
216279.95985187535
216440.58675340767
216929.87525793407
217249.75663693415
217910.58231600508
218560.292010657
218890.772413452
219209.3599218944
219699.53236090427
219860.8186382317
225759.16825639206
225759.16825639206
227710.15362927178
227710.15362927178
229340.4093197501
229340.4093197501
229969.69322959447
230449.07810125756
