4280.63681955222
4939.148718956072
5430.994377955853
6889.555258500807
8189.424891693569
9500.646161896719
10150.254641466816
11459.002004292986
12110.85669698505
12440.33638712238
13089.549072164162
13410.003875576891
14070.018852099643
14720.767874947873
15050.268957157032
16020.966587307175
16350.143737982904
16680.078530900053
17329.61982137941
17329.61982137941
18309.320996706974
18629.352799151915
19280.585936767235
19939.778058255037
20259.43892015169
20590.572797830795
21240.84840612681
21570.923485444306
22539.91362627183
22880.336293035365
23529.430668509554
23529.430668509554
24499.052042240746
24499.052042240746
25149.592102968043
25149.592102968043
25809.612516167843
26299.206343644433
26459.14550533628
26790.012457914756
27110.365734009916
27110.365734009916
27759.63577955759
27759.63577955759
28739.319109011107
29059.872879217943
29719.84937631522
30369.24983630051
30700.726182844555
31020.352109676776
31519.987388800237
31670.197441244803
32000.69709617181
32330.107919648846
32979.864108101145
33309.502781957846
33960.99758094436
34279.45200802316
34940.007780907996
35589.88680861742
35919.34878692972
36240.283512874514
36570.7279157397
36889.738147727105
37220.719813629796
37540.4877578304
38199.03332109159
39179.05121702449
39500.41952481476
40149.90628286896
40799.1326240619
42759.321566272374
43409.704822562984
43740.852784416704
44390.5452071567
44720.277246363265
45369.598917476804
46019.50198498641
46349.562132811894
46679.70835112863
47329.70166867508
47649.29677431562
47980.1014416652
48629.2240873977
49610.954456605745
49929.30548160661
50590.29541444124
51240.3129698371
51890.8425479588
52390.14933498332
52539.49193595972
52870.8297092476
53200.0445982454
53850.36709474097
54180.65719417466
54830.01070075288
55149.56351448674
56460.55770539973
56789.56877936847
57760.59075799842
58089.36977242724
58410.877910970914
59059.45822192038
60050.013059893994
60370.29039780946
61019.530334047864
61669.03771539497
62329.638771987426
62979.8952323822
63309.788113848714
64280.876076868284
66890.8264825048
67549.0959930375
68200.66036214448
68850.36877229469
69499.16577632484
70800.51801198965
72109.99098641308
73410.47654414798
74720.774450687
76020.2181637813
77330.99148046954
77330.99148046954
78629.22766443348
79940.32718144314
81239.51847147367
82539.50217284844
84499.2192276592
85149.78573127596
85480.53536051344
86130.73774389729
87109.8601890137
87760.82322869504
88089.57174997193
88420.6165236913
88740.59006465536
88910.68938122892
89070.24950040266
89390.92084857808
89720.33734459672
90370.66910514509
91350.04579864863
91670.56159241228
92330.3706843838
92979.87579651292
93310.65710703308
93630.54631646046
94130.6225968739
94279.83650448367
94610.02262139764
94940.8187075769
95590.33669903922
95919.28573983724
96569.12217793388
96889.1724193966
97549.2531071606
97549.2531071606
98200.06505667648
98529.29820431332
98849.54615997242
99180.65600671398
99500.22684353587
99830.3194887961
100150.26524314817
100799.68102988481
101790.56409299826
102109.90813291413
102759.27582451909
103410.74390662514
105369.38733083311
106019.54854397685
106349.27229991643
107000.46586016889
107979.21339864057
108630.47048979548
108959.85383543008
109279.01531681887
109939.61689987083
110259.44273338623
110590.50768607069
111240.50086580645
112220.83563807642
112539.21034142257
113200.33744717423
113849.10713610127
114180.03585071283
114499.0470706878
115150.96311838161
115479.15415230238
115809.75337002035
116459.07263178127
116790.88952487201
117440.29368266636
117760.14010853667
119070.60249244832
119400.5911489233
119719.78388744326
120370.43869598287
120700.54498663
120860.7465476836
121020.38626697319
121669.70669979858
122649.27590851863
122980.94061620386
123630.58895158226
124279.16531296809
124939.73719832799
125590.00095679316
125909.79131429522
126889.98744031269
127869.38414630995
128179.45004789084
129169.96855802776
129510.08559480727
129670.99266140466
130160.37899351332
130649.80287212064
131130.44672505098
131450.61309703765
131450.61309703765
132110.80834429082
133089.06610742773
133410.68901931896
135370.5506578123
135690.81437528675
135870.02736190354
136020.32843290718
136669.43129175442
137329.03396604807
138310.7722450586
139600.5010471631
139940.9629783481
140590.38655741574
141079.76881799128
141890.22921825998
141890.22921825998
142540.10167266027
143529.75367477752
143850.06226200834
145809.44242936393
146779.7599314694
146779.7599314694
