1219.3139824836906
1880.0239504665747
2540.024085440886
4199.631339512894
4739.6322956137965
9130.698922816215
9789.630853829833
10450.508921882703
11109.190755075664
13089.549072164162
14409.935817550504
14740.846669713808
15069.179485401031
15730.710201800415
16389.85750871842
17050.730334479565
17380.63296345353
17709.701472459474
17889.913164001096
18360.528570326813
19030.832109478055
20349.308761340977
21000.694465591998
22319.655877359943
22650.975029319296
22979.632106462177
23640.186005724303
24299.822470583673
24959.141882881577
25289.593817406505
25619.871251215365
26279.91038313055
26939.453825409604
27600.9920727159
27929.490984291187
28259.492231041237
29579.776043088357
30900.92036336535
31549.117510755274
32210.45816237441
32869.25685244562
33530.48226297584
34189.571066351884
35359.61437242924
35510.704464120834
35839.68880722886
36170.23482420168
36829.863671675776
36829.863671675776
37489.620729944734
38150.56164836856
38479.844593382564
38809.412450407246
38989.74608848049
39459.93583037746
40129.16289652749
40630.05319372195
42100.77112260134
43419.97892937722
43749.897390537066
44080.73180764082
44739.54534312635
45400.58390066476
46060.162419588654
46390.99442213258
46720.15853811511
47369.16848042684
48040.02284275408
48699.07968834733
49359.801757467954
50669.62659178938
51660.6226766533
51990.96518079828
52650.333845134985
53310.274633076384
53970.25877869644
54300.230660467634
54629.86491696662
55289.61296556525
55949.778646661165
56609.450589008025
56940.53330964557
57270.177317457106
57919.02474132503
58590.540197687566
59580.074093234056
59909.27142642308
60559.9243468467
62540.73267536506
63200.25362688893
63860.11091964919
64519.511236091144
64850.193328136666
65179.46400164394
65839.42714284833
66500.32493468613
67490.86231113772
67820.43380639766
68469.90048408788
69140.88163557756
69789.09116417138
70120.78672132536
70449.13622687019
71770.2252700236
72760.16627790547
73089.00406034768
73749.9298296613
74410.73150952168
75069.03082753363
75730.55243465374
76389.45145605203
78369.05288870665
79019.7521623432
79680.85718585172
80009.70607784885
80339.35474271915
81010.2370657289
81660.15612328073
82320.52485500368
83309.05440833907
83640.12899801965
84299.3416544083
84960.53466750994
85619.30505533362
86280.75339410586
87599.7391651818
91219.14019943989
91559.95263437425
92210.4899469426
92870.49329089092
93860.9934264133
94189.51930438397
94849.31215060764
96499.70534634616
96830.86802622612
97489.14285561835
98139.89027603141
99130.91739824862
100119.9517818047
100780.73335705257
101440.92914335456
102099.88281930007
102759.27582451909
103419.19847114246
104409.20770394696
104739.78439749173
105399.85034680874
106059.05305578379
106719.41242388073
108699.92583656826
109199.81797378091
109679.73516400375
110010.73043808705
110670.49812187512
111329.16336942394
111990.53472265413
112319.56354394839
112650.39924888617
113309.56279810783
113969.30636543494
114959.36626549033
115290.12818770157
115949.9815953329
117259.92626985186
118580.36767119095
119250.40658674177
120229.57776772148
121220.64453929418
121879.38459420174
122540.2917600912
122869.13468394647
123199.63261503447
123860.99447216533
124519.5828266046
125839.31279745705
126499.2013920955
127810.53688277597
128140.76151734267
128480.83068829862
129129.91162059955
129790.60596641219
130780.58699693784
131109.835617873
131770.44913116316
132429.69707263156
133089.06610742773
133420.06775532736
133750.2029004209
135070.87062660477
136390.55443842427
137040.5293023054
138360.910411815
138690.83131989677
139680.15338660937
140339.0301316711
140999.2068818426
141329.82437214904
141660.02741832522
142319.46795925853
142980.46708945752
143640.1425425309
143970.6253948825
144299.96372114625
144480.06222368238
144950.35683310902
145619.39856168668
146120.93557398528
147589.80576919738
148759.77827119414
148909.8103000368
149240.3886683007
149569.3665912676
150230.7879763145
150889.64441850997
151550.1502680139
151879.33194596492
152209.59884567242
152869.33427492736
153529.25914732335
154190.88222447128
154849.88360994344
156169.54110564035
157150.60938905794
157480.24496684634
158140.1197802094
158679.26214189504
158800.68173643097
159309.3667677336
159460.1857144227
159789.34409269222
160120.42356187123
160779.41180652496
161439.43782932198
162100.88705277248
162430.70694302124
162760.5671355454
163409.80286674193
164079.56902591776
164740.01649504967
165069.3744330794
165399.42837360964
166720.57864764918
168029.44690587473
168690.03243697397
169349.60789713677
170009.62842448655
170339.5672424875
170670.44514977542
171330.4109288448
171989.19697724012
172980.7121408214
173309.2581187916
173969.6506857647
174630.27231090728
175280.05935402962
175609.67151205483
175949.5891859797
177269.26990340205
178250.9824619455
178580.22280194194
179240.40719684682
180560.0023664132
180889.87611547566
181219.13510010228
