11280.47633767079
12549.499461059248
14439.534699589516
15069.179485401031
16340.095067657136
16970.806133588263
17599.312078656007
21389.39712673133
22650.975029319296
23920.032368480268
24549.023224825763
25179.264749440066
26440.3688314339
27070.326434196122
27710.168265604272
29600.56789302413
30230.25839202126
30860.42930616565
31179.55060568589
31499.416732881018
32129.551524635182
32440.301258800057
32759.44662850344
33389.41707834953
34019.163870869335
34649.96516836593
35279.368317110515
36550.53152571585
37179.24500350211
37810.05288548052
40339.725295413125
40970.376638260874
41289.263262211665
41599.39688605576
42230.500005180984
42860.96600774059
44760.76948833973
45389.53076899849
46649.25142163711
47279.762775411065
47920.032918525365
49809.86177380387
50439.54027831314
51070.57701582084
51390.99488174124
51709.79450427483
52339.354308487804
52969.15726597108
53600.00336553211
54859.07586635806
55500.349701825784
56760.38003447754
57390.49524528535
58019.4968169393
61809.88990481543
63069.86986525037
64329.59201182904
64970.43549167144
65600.67347175223
66859.30042497664
67490.86231113772
68129.67039278541
70020.61895270263
70649.6363557868
71600.59696798488
71919.02508961252
73180.21156908924
74440.81932010851
75069.03082753363
75709.68155323288
76970.28238307849
77599.5734336182
77920.38903584925
78230.04196402064
82020.89336041243
84549.3862876705
85179.02109050308
85809.59391773082
87069.56346169063
87700.61737685063
88340.42646325343
88969.01713669609
90229.49450035517
90859.15834899341
91810.4047283964
92130.27583310184
92759.9225238452
93390.09565252459
94019.03900370222
95279.80076700807
95919.28573983724
97179.25257439006
97810.0938544074
98439.75537032739
102229.08787702219
103500.10375901517
104759.25448441066
105390.75399438065
106019.54854397685
107289.5983104491
107909.9815525327
108550.81153036351
109180.32500191467
110439.45873709593
111070.98875210322
112019.31321556166
112340.0402161699
113599.69501563661
114860.21520933721
115489.67232359586
116129.45383660833
117390.29717718315
118019.20306731324
118649.30608189401
120549.86050270121
121179.40492211308
122130.19179226022
