1149.3921905799446
1770.0056431559783
2239.962879604922
2700.388297583428
3009.674550460481
3629.2109293558815
4710.172676724922
5169.809532193914
5479.897489513871
6099.677241604825
6409.346408123646
6720.659649255159
7179.278617899289
7649.952554231367
8569.351859503637
9039.402801012084
9189.68451190957
9659.14648319156
10740.271988730943
11050.087874564651
12129.637739749667
12599.779463529581
12899.560590837775
13519.405524875912
14139.44557087315
14609.54176540349
15069.179485401031
15379.058081827596
16000.274225962063
16309.798675906062
17080.669499537515
17539.40562821907
17850.709487679444
18470.594851882317
18939.484639462844
19550.793440671492
20020.309485240203
20169.041996744756
20329.76525182681
20950.10005350105
22029.345775121004
22490.34400765336
22799.518195360848
23419.705606694657
23730.843083088264
24040.190549498213
24499.052042240746
24969.677169234903
25280.05279226
25890.63378347076
26200.177263104717
26509.510587887176
26980.23676425143
27439.396563948547
27749.215193750533
28369.320036601497
28829.043444870782
28990.769137775875
29449.76742649918
30530.386618578435
30839.323094357376
31930.43227906255
32390.93012064203
32700.709808167012
33319.20542636258
34400.40222224236
34860.62727154369
35170.268351024286
35789.205472841386
36099.31126925335
36409.72715798447
37339.74804767836
37650.16900168611
38260.38426559123
38729.56814712595
39349.20057344435
39809.363517018595
39970.78451273786
40120.652789236694
40739.88880449241
41360.17352721663
41980.829581294565
42439.84903798817
42909.32015448799
43209.140690224565
44449.26010183877
44760.76948833973
44910.97300174149
45070.90252533329
45689.230139216415
46309.97238274977
47229.64824629814
48160.75241964192
48779.67172389228
49400.9307468455
49860.05347491708
50020.235970590526
52800.840197615165
53110.14678757874
53729.8120433843
54350.316174075204
54660.729834884136
54970.46169158973
56200.82297602895
56820.11162966154
57130.45284579116
58060.48992972915
58679.7945214897
59600.96580503428
59760.4071566755
60530.57969425701
61150.729714637295
61620.39612979375
61769.19179402907
62389.89854585738
63009.55388212252
63480.72253586376
64089.77011337338
64240.43978846632
64859.22384455436
65329.59941842249
65789.88677880635
66100.80126564796
66719.12291533321
67340.65898779735
68579.50268008966
69190.72939033643
70279.24993285704
70740.24887090514
71049.18747840666
71669.2940153714
72130.8185011026
73829.23276063119
74140.36006725143
75229.31967483537
75690.68395119626
76000.56550156794
76620.18543269958
77700.09111982139
79089.76790220894
79399.57889997962
80170.17294340034
80640.40245247648
80949.59211768731
81570.81242529159
82029.22589529755
82650.35677716351
83109.97796480314
83269.90590614904
83420.45544169971
84039.84185488329
84660.86733068293
85120.03371653026
85589.0631763638
86509.66465183604
87129.71054666808
88369.1690166206
88990.17445574864
89300.05725645622
90069.84910135873
90530.29222900375
90840.19798299255
91459.17015669108
91929.75071284779
92080.83399884305
92700.1737114471
93630.54631646046
93940.99989024267
95020.08786249727
95479.43190843004
95790.48936047217
96409.15786141604
97030.33481791597
97489.14285561835
98269.638549131
98879.09555887635
99190.62127384359
99969.08473265446
100429.76285245668
100739.08111469878
101360.82438392648
101830.65451458968
102440.08125744591
102440.08125744591
102910.36570458076
103060.28958636358
103829.3344862847
104909.47435442373
105380.0922976444
105689.06452230686
106310.73635868178
107390.98972552887
107849.7213960253
109089.56336741181
109400.39896085995
109860.9523524507
110329.88689406376
110639.14317692626
111260.05362545788
111720.91459459072
112340.0402161699
113420.40946792504
113730.26232847097
114350.25810846355
114810.68904950231
115279.7749712056
115590.91599217051
117749.83461987108
118059.07266664987
118679.07450818662
118989.14683021535
119759.77199314942
120219.42882743668
121149.31776537528
121619.9540217626
122229.83749792552
122849.3546417213
122849.3546417213
123630.58895158226
124249.2644852431
124860.11514203067
125320.06903915729
125789.05771459344
126099.50015529431
126410.62406784926
127338.9976244735
127650.71591374636
127800.53875997657
128569.56362168507
129189.26719526098
129809.76411708142
130120.78113939197
131050.05451640222
131510.3529000197
132290.30818124142
132750.4201209715
132900.8485448914
133520.51188057056
135999.52237321454
137540.22561308288
138470.81017122837
139090.48892393758
139709.30378693747
140019.77589531546
140329.88287336443
140949.6618239139
141560.29485042646
142179.00451138415
142490.16572552366
142649.1668379542
142799.2892549512
143419.0001852784
144040.34216942082
144499.30727081333
144659.26418174536
145740.3288144419
145889.3008115206
146510.01922531807
146980.31337927375
147440.42440146935
147749.9506985812
148370.82071971544
148990.48703499092
150840.2935922357
151150.41966672795
151929.53600356527
152389.6219256325
152700.03608633057
153320.91672625174
154400.2209390779
154400.2209390779
155480.02584503152
155789.46161922577
156880.85339331196
157339.71722293433
157650.51671431013
158270.72366906732
159350.96313335627
160740.46373452924
161050.9124749881
161819.24573931642
162289.30920317766
162289.30920317766
163210.3773261068
163679.25411425557
164299.45377176613
164760.39370159988
164919.6138306268
165069.3744330794
167330.8574131072
170050.1312211232
171689.13228994436
